p cnf 100 100
-73 -27 0
-3 -22 0
-13 -23 0
-55 23 0
59 90 0
-99 -77 0
83 53 0
5 48 0
-51 53 0
3 -28 0
39 65 0
-34 27 0
-19 -99 0
32 94 0
-87 -30 0
29 16 0
-49 79 0
97 12 0
-32 80 0
-46 -72 0
44 35 0
6 30 0
-47 -92 0
-81 57 0
-77 18 0
90 -93 0
84 38 0
-70 66 0
-63 86 0
-37 -35 0
-88 -23 0
-96 -4 0
-94 -79 0
38 -100 0
-97 28 0
-82 93 0
-41 82 0
-1 29 0
-8 2 0
-24 10 0
-98 67 0
31 -16 0
1 20 0
87 -5 0
-24 51 0
-59 -42 0
-24 10 0
10 95 0
6 -69 0
-94 2 0
25 -13 0
-89 -18 0
-37 -2 0
-24 16 0
-69 49 0
69 -76 0
42 -33 0
-15 34 0
-47 -12 0
-78 -58 0
-59 -42 0
-23 -79 0
41 -44 0
84 72 0
92 -57 0
-24 -5 0
-6 -16 0
-17 -85 0
65 31 0
-61 -76 0
-70 -64 0
-81 -43 0
69 -71 0
43 -52 0
-87 -63 0
-47 -56 0
-68 -86 0
14 -1 0
68 25 0
81 67 0
-16 52 0
-49 97 0
-93 -74 0
62 -58 0
-53 -27 0
-43 -83 0
50 -60 0
90 85 0
-78 52 0
99 98 0
-44 39 0
43 77 0
13 42 0
92 89 0
18 45 0
-84 40 0
-6 -92 0
49 100 0
16 -65 0
23 -65 0