p cnf 7000 7000
6025 3322 0
3383 -194 0
4170 2515 0
5253 1190 0
-3169 1520 0
-6628 588 0
5474 1338 0
1821 2140 0
-4768 6981 0
-3067 1688 0
-6824 -3413 0
3050 6471 0
-1117 6486 0
2463 -4834 0
-3550 -3507 0
-2038 -180 0
-1251 828 0
-4419 -946 0
-3539 6653 0
-396 6221 0
-6945 -5864 0
1867 -925 0
-3936 -4442 0
4374 1923 0
-3443 4552 0
-3182 -6787 0
854 6442 0
-4335 6917 0
2750 1429 0
6465 -2499 0
3321 3846 0
-2890 -737 0
6071 4123 0
4148 -5082 0
-6137 -6273 0
-2604 6209 0
-812 -5616 0
-594 -4575 0
-3333 5806 0
-1044 -6879 0
-4597 2989 0
-6807 -6278 0
-5154 714 0
-418 -5108 0
6504 -3099 0
705 -3754 0
1922 -874 0
2621 -6014 0
-3522 4070 0
-6414 6442 0
5125 -3418 0
6716 4814 0
-2510 -5348 0
-4667 -5812 0
-5421 -1726 0
-3463 1619 0
-6015 5897 0
3463 5680 0
-6585 5523 0
-6070 -393 0
-4936 -3683 0
-360 4990 0
-3449 -1692 0
-5902 -1818 0
2787 1300 0
3962 -540 0
-5853 -735 0
-6776 3271 0
5153 1237 0
-2062 -4796 0
-5980 -1106 0
-5800 -1500 0
-4598 -2933 0
-6735 -1551 0
-4906 -321 0
492 -1085 0
-2135 6052 0
4791 -2372 0
3773 -1952 0
1014 554 0
-1610 -3372 0
5003 -4451 0
4960 4728 0
-2700 -3617 0
-2285 3117 0
1369 -1827 0
-294 -3085 0
1491 6848 0
-6602 -4501 0
-6578 2537 0
-1812 -2910 0
2826 -5470 0
4460 -4577 0
1369 -3237 0
-5977 1871 0
-4933 -402 0
663 5177 0
-18 -5400 0
-4186 -4524 0
-5037 4847 0
6363 2500 0
-737 -571 0
325 -2437 0
3134 -3674 0
-6928 -5615 0
-4752 -3806 0
1846 -5407 0
6539 5214 0
-6644 3516 0
1414 4156 0
-3696 6990 0
-2560 -3379 0
-5235 4141 0
59 4592 0
6603 -466 0
2887 6411 0
1459 -4693 0
-360 5142 0
2849 3746 0
-4323 2934 0
2986 4015 0
6232 1318 0
-2062 885 0
2009 -3715 0
2064 -5523 0
-4139 3984 0
2116 2479 0
-6128 2647 0
-3581 -1405 0
5856 -4945 0
899 4226 0
-1220 -3752 0
-2894 862 0
-5596 699 0
-6638 -1611 0
-3556 842 0
-943 6737 0
-5523 1181 0
1823 3140 0
3839 -4450 0
5485 6687 0
6399 -342 0
-497 3341 0
-4635 -4950 0
3129 3086 0
5968 349 0
4899 -6955 0
1974 -5254 0
3638 -1015 0
-1774 -388 0
6733 -1188 0
-1810 5653 0
6829 2893 0
4419 3352 0
4639 -1488 0
6388 -1345 0
-1997 -6925 0
-4272 -5755 0
-6497 -2287 0
-1226 -5377 0
-11 3464 0
-4451 1619 0
1210 -783 0
4470 -5047 0
5165 6141 0
-2192 -2647 0
836 -5383 0
-6018 -3548 0
-5562 4324 0
-392 -6494 0
-6473 1461 0
117 -6213 0
-1207 1226 0
-6804 1571 0
5312 6679 0
1523 3954 0
-46 -2942 0
1474 2974 0
-4268 -2181 0
-372 756 0
-803 -5178 0
4462 4132 0
1360 5559 0
397 -6772 0
-6106 5162 0
-5480 -283 0
-6923 6658 0
1856 4189 0
6187 -2929 0
-4297 -2954 0
-2633 -3712 0
-3823 -2846 0
4103 -4138 0
-2422 6196 0
2710 171 0
-3793 -6119 0
-1239 -2014 0
-2007 -2000 0
936 448 0
-3330 221 0
-2190 -3622 0
-3709 -4201 0
1548 2814 0
2080 -1698 0
-5119 3943 0
177 4163 0
5659 -6540 0
6913 -3774 0
-5390 -3947 0
-1342 4951 0
2995 -811 0
-109 -991 0
-479 113 0
-2808 -6410 0
1917 -5562 0
-3147 -4743 0
-3389 -2985 0
-6461 -4855 0
668 -2756 0
-6914 -5412 0
-6722 -1282 0
-6717 -5450 0
3986 4339 0
-3474 -41 0
-2366 -3703 0
-5254 -769 0
5352 6735 0
-6073 3293 0
-129 -1676 0
-3568 3484 0
6506 278 0
2566 6408 0
-1434 4755 0
1273 -3108 0
6184 1855 0
119 -5977 0
-5864 -1232 0
-4064 -479 0
-3176 -2788 0
1721 -2291 0
3540 798 0
5959 -5208 0
-5254 5161 0
-6951 5337 0
1238 -2637 0
-5324 -1799 0
3027 -5545 0
2843 -782 0
-34 428 0
1658 -2364 0
-4086 2204 0
-6834 2793 0
3255 2830 0
-3369 3390 0
-1013 4990 0
-4771 -6354 0
168 -5544 0
-6705 5922 0
-4136 2291 0
-3910 -4386 0
-2327 6412 0
6270 -1666 0
4198 1533 0
3899 1174 0
-6066 4533 0
2001 -6001 0
910 -4049 0
6412 6307 0
2548 -1049 0
-895 3883 0
-1037 -6714 0
2235 2118 0
732 -6700 0
3891 6980 0
2340 3890 0
4645 12 0
-6780 5303 0
-3501 -451 0
1521 5816 0
-2363 -832 0
2549 -216 0
4935 6254 0
-1705 3984 0
6410 1978 0
-4449 -4426 0
4833 -4230 0
-5165 2749 0
-3467 3725 0
-1212 2487 0
-5074 6678 0
2764 5383 0
-3750 -2812 0
-836 6209 0
-4417 -1051 0
-4631 -4261 0
1672 2717 0
6490 5013 0
-5878 -4239 0
-2167 -439 0
3312 3265 0
-6616 -3118 0
-404 -3113 0
6197 5862 0
4692 -5592 0
4895 -3004 0
6278 -831 0
-1535 -477 0
3990 6245 0
-3491 -4778 0
4737 1229 0
2586 -5876 0
-6039 -1273 0
5567 1644 0
6373 -1371 0
4627 3555 0
-223 6696 0
-1789 -2297 0
6095 5126 0
3939 -5703 0
-355 -5071 0
1307 1786 0
6046 5193 0
-3026 4355 0
-661 4660 0
-6314 -5537 0
-5102 -6761 0
-1167 3170 0
-2775 -5243 0
-3412 -3475 0
-1617 -4602 0
1547 6300 0
830 -198 0
2593 -4066 0
-4474 -2394 0
1866 -4139 0
3182 4722 0
1553 -4960 0
-3192 3903 0
1462 101 0
-3030 5601 0
1801 3426 0
-152 3713 0
-3661 -4703 0
3986 5423 0
-1903 4333 0
-1504 -1812 0
-3151 1103 0
-1777 5383 0
-5425 1119 0
5134 -5357 0
-5520 6396 0
467 -2222 0
-6490 2545 0
-4489 -3358 0
2477 3955 0
-3156 -4501 0
4001 -5303 0
4248 -3628 0
4216 6894 0
2120 -298 0
5267 3293 0
-908 -2379 0
-5271 3972 0
6996 3618 0
-1806 -1248 0
4319 -3690 0
6544 4098 0
-4606 4039 0
-1193 1910 0
-5650 -783 0
1855 -4781 0
2457 3046 0
4533 -2024 0
-4073 -3610 0
437 6231 0
48 -6766 0
-1779 -6381 0
-6718 -5190 0
1400 -1575 0
-1931 1452 0
-1813 -3833 0
1820 5181 0
-1131 6216 0
6111 -4932 0
1470 3029 0
1529 5900 0
-2232 -1093 0
-988 -2637 0
-5067 3282 0
-4025 109 0
-4667 773 0
5505 -2779 0
2174 5005 0
2809 -3364 0
4990 6574 0
-6959 5587 0
-4065 -527 0
-751 1782 0
6401 4311 0
-6904 -6584 0
1295 6168 0
1353 3397 0
1253 6357 0
4915 -4046 0
-5482 2435 0
1092 -4111 0
6839 -1551 0
123 2695 0
252 -2949 0
-2538 -1733 0
-5320 -4734 0
3017 2568 0
6465 703 0
-5134 4900 0
-6327 4222 0
1134 -5272 0
-1665 5030 0
-4686 5389 0
-1168 1367 0
-3030 -1889 0
412 -4617 0
1393 -5652 0
6908 2776 0
-6409 1546 0
-3008 -6546 0
-4565 6657 0
-91 4465 0
-4842 -2617 0
-4596 -5514 0
4469 6806 0
-1714 1812 0
-3468 1716 0
738 -1887 0
1547 -4229 0
318 -509 0
4110 5447 0
3279 -5987 0
-1944 4716 0
-5368 3130 0
2718 6154 0
-4037 2995 0
5089 -94 0
-655 -4639 0
-3029 3841 0
-5534 -3987 0
-2574 -2477 0
6481 -1510 0
-3222 2830 0
-5139 -5496 0
-6559 -822 0
-2499 -2069 0
1209 -4108 0
-1452 -2113 0
-2134 -6887 0
4736 6380 0
4415 -1637 0
-1809 -6127 0
-3102 -574 0
6422 -2409 0
5439 -6981 0
-1321 -5905 0
-6667 1225 0
4525 -152 0
5415 -4526 0
3782 2564 0
6635 6387 0
-6000 6571 0
5541 -3237 0
-1341 -6088 0
-1886 4942 0
4480 4858 0
-3793 2084 0
5796 -97 0
-6376 2194 0
-2365 4439 0
-787 -5192 0
-2612 -6094 0
-1292 -1334 0
1607 4049 0
6902 3393 0
-2726 -247 0
3214 -4205 0
6444 -6895 0
5243 -6317 0
-5188 -2460 0
-347 -1400 0
4950 6893 0
2745 4096 0
2284 -4332 0
4638 2662 0
2295 4815 0
-2967 6069 0
313 -359 0
800 -6628 0
-308 -2530 0
3305 -5553 0
5263 -5663 0
97 3027 0
997 161 0
2120 4323 0
5513 5850 0
-4445 4652 0
5377 3102 0
-4517 -6923 0
4092 379 0
1646 6937 0
4956 6568 0
-279 1781 0
2893 1933 0
-2017 -1953 0
-2631 3584 0
6005 5417 0
-2311 1289 0
2653 17 0
3583 -1918 0
-626 -1202 0
1790 4095 0
-2022 -1693 0
2303 2802 0
3938 -1624 0
5631 -6209 0
-5829 -1186 0
-1909 -5324 0
-2791 -1203 0
5745 2092 0
2933 -2410 0
2214 5958 0
-5082 -3910 0
2737 3895 0
1880 3767 0
2090 -1689 0
2258 -531 0
-1074 3903 0
4122 908 0
4215 5063 0
-3029 -3662 0
1115 997 0
-3782 1790 0
-5104 31 0
3840 3206 0
70 -6695 0
-5836 6482 0
-6440 2692 0
4391 -5354 0
5763 510 0
-4509 2248 0
5359 976 0
2460 -1161 0
-3770 -5054 0
-5578 6707 0
-1255 6221 0
-1869 -2153 0
-4859 2677 0
1284 -1855 0
4916 3780 0
-6575 3451 0
3949 -3029 0
-44 1273 0
4683 59 0
6668 3138 0
983 5134 0
3289 -1363 0
1756 3665 0
5762 -6230 0
6424 -1726 0
-3859 -1149 0
288 1940 0
-3934 -5099 0
-180 -6483 0
2000 -1976 0
-2082 1606 0
-5164 -1047 0
5964 5470 0
-4913 -1222 0
2330 -1281 0
227 -6287 0
1635 -2615 0
4416 3725 0
499 -5636 0
1037 1632 0
6307 5471 0
-528 -4318 0
-5827 -5005 0
-2010 -985 0
-2387 2169 0
6556 6464 0
-5901 2555 0
-6929 -1705 0
-1250 3285 0
1969 4183 0
-3907 -5059 0
-5500 225 0
564 -3902 0
1375 4050 0
-3467 1257 0
-6282 2489 0
6041 -2318 0
-1304 1601 0
979 2404 0
-5179 5463 0
714 1119 0
5299 5759 0
3149 782 0
-2164 525 0
6145 3143 0
-902 -4088 0
5090 4475 0
3455 3254 0
-1198 2642 0
-2442 3049 0
2717 -2172 0
3544 4153 0
-2427 6781 0
5612 4314 0
-5413 1804 0
-5707 -2777 0
-1297 2729 0
4988 -1533 0
-3740 -5197 0
-46 3958 0
-5205 6134 0
6461 5017 0
6336 6391 0
-5088 1119 0
3927 4347 0
5904 3665 0
-4859 4091 0
607 -4146 0
-3743 2754 0
1480 -6871 0
-4522 3038 0
-1709 1941 0
-4048 -6885 0
-2302 -4817 0
-2124 879 0
6183 -3755 0
4349 -5428 0
-3122 333 0
5819 4512 0
-3469 4963 0
-3763 1420 0
-3376 5960 0
-3192 591 0
1435 3571 0
2146 -9 0
1552 5734 0
918 -6581 0
-4737 -946 0
4686 4933 0
3563 -6295 0
4831 -5526 0
-3658 -4034 0
1321 3804 0
-4381 -3493 0
2876 -5700 0
-3401 -1941 0
4914 5353 0
6642 -2 0
-4545 1667 0
6854 5992 0
6730 5243 0
-4643 -4130 0
-5372 -4000 0
-575 -5539 0
1622 -6566 0
-927 4221 0
-6349 4201 0
-649 2467 0
-3641 -5903 0
-3507 -1835 0
6741 -3706 0
4478 1082 0
4160 -5543 0
6504 1310 0
-5409 2025 0
-2522 1724 0
-2299 -1152 0
-4455 5521 0
3406 3514 0
1315 2058 0
336 4652 0
-4097 6634 0
6077 5102 0
891 -2303 0
-4931 5495 0
-6782 -2714 0
4611 -4688 0
5861 2432 0
-6580 -1580 0
-5159 6365 0
4464 4335 0
632 -6897 0
624 5026 0
-399 6990 0
5582 -3945 0
-5381 4892 0
5957 4397 0
1878 4363 0
6436 5492 0
-4164 712 0
-3020 5310 0
5032 971 0
-1005 1678 0
-1632 5068 0
-2313 5450 0
-6269 4085 0
3750 -6703 0
-4346 -5874 0
6864 2803 0
5080 -2823 0
200 2055 0
-6903 -2792 0
-6867 -5235 0
5067 -372 0
5829 -6427 0
4171 -4376 0
-255 1529 0
-3300 3087 0
-3171 -95 0
-1159 2985 0
-4289 -4492 0
251 5160 0
6945 -181 0
164 -2817 0
6871 2638 0
-2649 -2167 0
-4669 -1193 0
-6249 4996 0
-3234 1749 0
735 6023 0
-4010 3137 0
3208 -675 0
6650 5816 0
-4113 -5709 0
2116 -2549 0
-1764 -5306 0
-5872 -4684 0
1118 -2787 0
2408 -6357 0
-4781 -3600 0
-3883 3590 0
1008 6853 0
2459 -4287 0
190 3489 0
-5824 3847 0
6530 -78 0
5349 2983 0
2877 -4757 0
-4460 5355 0
3704 -3239 0
6447 -4348 0
-559 1341 0
5516 2537 0
-458 -5432 0
852 268 0
-6481 5493 0
-4177 1295 0
4324 -5393 0
5047 -1241 0
-2162 -259 0
-3328 2864 0
-2595 -3543 0
1342 -2156 0
3533 2748 0
1604 -1304 0
1196 -1364 0
4855 -6427 0
-4382 77 0
2264 5901 0
-2965 668 0
-701 1654 0
1325 1708 0
3620 -2228 0
3329 -1322 0
-3028 690 0
6421 941 0
-6685 692 0
4567 -5059 0
-5392 -6924 0
-1908 4455 0
548 2047 0
4390 -5526 0
-2977 -4683 0
732 3767 0
-4139 5899 0
-5402 -2491 0
-3017 -4602 0
-4219 -2366 0
171 3327 0
-5285 -5634 0
3117 -1802 0
2286 4164 0
-3274 -5887 0
-2390 -5329 0
5504 3729 0
-1639 -5170 0
1473 6944 0
-3569 -4406 0
1748 -4199 0
2596 1254 0
1375 -1654 0
1291 -2224 0
-4336 -5846 0
-6884 4743 0
-3282 -5387 0
6873 6286 0
536 1920 0
3279 -6472 0
2936 1077 0
-462 -4628 0
-6485 1074 0
-2469 -2008 0
6335 -5445 0
-4700 -4877 0
2024 6266 0
370 -5993 0
2870 -3722 0
5041 4510 0
3351 5070 0
420 6883 0
3383 2898 0
5075 2956 0
484 5298 0
-4307 2073 0
5561 -6257 0
6931 6982 0
-2330 -5421 0
4286 -6496 0
2598 -6065 0
6405 -1496 0
5752 -412 0
2706 -3327 0
3725 4844 0
4678 663 0
-3663 2372 0
5168 -6798 0
-5182 5442 0
-4036 3642 0
3197 -2136 0
3251 2043 0
-6565 4242 0
-2734 1877 0
-2740 1194 0
-6110 2083 0
595 -3806 0
6160 104 0
-4900 -2483 0
2407 -1303 0
-277 832 0
2268 6634 0
5688 87 0
5416 2913 0
-5160 -6187 0
-5108 -4524 0
2753 -2009 0
-6416 1088 0
2029 325 0
3661 -2404 0
-5425 3544 0
-5788 -818 0
-2310 -5250 0
-2542 -668 0
-4277 6794 0
3100 6758 0
3147 1931 0
-431 -3300 0
-2605 -2873 0
138 -6965 0
-4818 -5343 0
5914 4407 0
-3386 890 0
6879 -6330 0
-3392 -3993 0
-3098 5556 0
5873 -6229 0
4497 -4788 0
-3407 4281 0
6452 -5653 0
4443 4580 0
-6240 -1877 0
-6755 -2250 0
2295 -3183 0
2794 4378 0
4219 2737 0
479 1443 0
247 2251 0
-3328 -6851 0
2194 -4583 0
1551 2453 0
-3722 -6597 0
2567 4903 0
2394 6540 0
-5177 5291 0
-3971 -6151 0
1527 6368 0
-6449 -4050 0
4901 2607 0
-3726 -6646 0
-4778 -4028 0
-6230 1797 0
4800 408 0
-6542 3945 0
1770 -4637 0
-6102 -5088 0
173 4534 0
1240 2204 0
3651 890 0
3498 -560 0
-6934 -134 0
4833 3895 0
-2018 3332 0
-5342 -6723 0
5176 -3559 0
-2580 3503 0
1537 -1542 0
-834 6560 0
-2800 4074 0
-1780 -2871 0
-517 6591 0
540 1473 0
6520 -953 0
4881 336 0
866 -5579 0
-1910 -1968 0
6103 -1662 0
-4825 3427 0
4070 -5938 0
1912 6966 0
1830 -3738 0
-5194 -6776 0
-6824 -3358 0
-6973 1403 0
-1445 2214 0
-4757 -4717 0
2335 3799 0
6687 5988 0
-1735 -2261 0
1830 4971 0
2014 4130 0
-4964 6596 0
6579 2683 0
955 5259 0
-1039 2490 0
711 4813 0
6938 5129 0
-187 -5722 0
-2198 5393 0
858 282 0
1801 6915 0
5163 -1862 0
-3052 -3501 0
-4338 -876 0
-4536 -1826 0
-4525 836 0
4301 -3120 0
1269 -6872 0
-2940 -5646 0
2378 -5458 0
-3621 1789 0
-5544 4276 0
4951 6463 0
3256 -4747 0
3489 4053 0
2289 6314 0
4165 -6217 0
2821 -561 0
-5172 -2776 0
-6947 485 0
1871 -2045 0
5651 -4795 0
4654 -2418 0
964 301 0
-6203 5400 0
-4047 6395 0
-716 1362 0
2810 1480 0
-2284 -5343 0
-343 -4955 0
5769 6737 0
-5335 3806 0
1847 6984 0
-5936 -2919 0
6482 5372 0
5806 4843 0
-6833 5830 0
-2936 3875 0
-6304 -6008 0
3992 -4650 0
-2542 5863 0
4970 -3789 0
990 -1674 0
-5224 -3641 0
6373 -5880 0
1406 1843 0
2422 -3533 0
6172 2303 0
-1587 4714 0
4469 5579 0
-5014 2017 0
1462 4275 0
-3285 1945 0
4166 3315 0
-4881 -2954 0
943 5826 0
-5116 -1875 0
3687 -6143 0
2086 -2014 0
-5636 -5254 0
-5473 5555 0
-2207 -4418 0
-5692 -5840 0
4567 3893 0
-6496 -2876 0
-3038 -5539 0
-1036 4475 0
911 4584 0
6812 5404 0
-5770 5600 0
1418 3949 0
-2804 -4385 0
-4902 -1652 0
4257 2331 0
-1282 1974 0
3089 -6802 0
5009 4801 0
-6129 1319 0
-4745 4071 0
4384 6200 0
4356 3406 0
-5330 -4845 0
-6459 -4097 0
-2439 1118 0
-4756 6670 0
-2955 -3341 0
6790 -66 0
908 4467 0
-1730 -627 0
2156 3826 0
-5912 4630 0
-4033 2868 0
-3119 858 0
-1202 -3613 0
2708 -1671 0
2200 -3609 0
-6901 -2015 0
6751 -139 0
-2585 -4817 0
-471 1064 0
-1019 5356 0
5982 -758 0
-1603 5791 0
295 4600 0
-1400 1960 0
-1436 -4981 0
-1189 -6606 0
2016 -3878 0
-3573 -5330 0
-1187 4357 0
5710 6171 0
-6818 5668 0
-4289 -2088 0
-4161 -3364 0
2694 1107 0
-3493 3281 0
5249 4670 0
-4785 -6521 0
3127 3753 0
-1476 -1907 0
2305 -364 0
6406 -5550 0
626 -5969 0
2603 -6315 0
-6675 4405 0
6565 1386 0
-2355 1626 0
5319 5485 0
4623 -4945 0
-327 -196 0
-549 1479 0
-2708 6193 0
-4006 -1104 0
1911 1588 0
-160 901 0
-3589 6919 0
-550 -5497 0
-2789 -1201 0
-3961 -1757 0
-4553 908 0
-6191 -3493 0
5304 4965 0
-5537 -3736 0
-172 2293 0
4452 3063 0
6952 -971 0
4835 1064 0
-6811 -6587 0
1840 2171 0
-2044 -1231 0
-5448 -2600 0
5942 -6257 0
4140 -886 0
-1724 -2046 0
-5100 6919 0
1727 2897 0
4464 1094 0
5979 1560 0
-575 -3072 0
6519 738 0
454 -103 0
6949 4285 0
6857 663 0
4169 5500 0
-1426 -4349 0
-6036 -1530 0
-7000 -3217 0
1187 1135 0
1303 1065 0
-5889 -2273 0
-438 574 0
4445 3925 0
2453 -4453 0
-6519 2769 0
6874 -516 0
-3789 -789 0
-3645 2813 0
-4228 6673 0
-210 4444 0
-3098 -1076 0
4493 -6961 0
5640 695 0
-1324 -3904 0
3357 -6110 0
441 -4272 0
-2782 -3071 0
984 -714 0
-3601 -5049 0
2627 4138 0
3478 -1793 0
-797 4898 0
6702 -1787 0
-4444 5168 0
-5026 6573 0
-5837 -1702 0
263 2517 0
-6470 2548 0
-3000 -6490 0
-4306 5498 0
5289 3756 0
-5020 -5776 0
620 1184 0
6624 -4230 0
6567 -382 0
-1865 6876 0
-4739 3360 0
6917 355 0
-1558 -439 0
1448 4028 0
-3721 6944 0
-1537 844 0
2031 -6696 0
-1389 -2663 0
5144 -5642 0
-2864 -3985 0
205 599 0
1086 5530 0
-6153 340 0
1935 1568 0
-4166 1653 0
-1648 1172 0
-503 -2332 0
-6223 3871 0
4197 -4889 0
-4901 2253 0
-1038 -6168 0
-4428 2898 0
-4920 -528 0
-5229 294 0
1478 5232 0
4228 -2352 0
5748 -5591 0
-3912 1947 0
469 -1286 0
-1985 202 0
1400 2572 0
-4981 3268 0
2307 6509 0
662 -5839 0
-5595 -1581 0
-873 -2415 0
-3496 4214 0
1485 5797 0
-6870 1532 0
4905 -4550 0
490 1690 0
-6096 -1068 0
133 3009 0
3682 6272 0
6814 3434 0
2897 -4950 0
-420 1870 0
5321 -4351 0
-2791 1615 0
-2698 -2022 0
4353 1527 0
-2244 4872 0
5117 -2661 0
-2412 4028 0
221 -2894 0
-627 -6984 0
-2892 4132 0
-301 -5021 0
6022 -3166 0
-6350 1127 0
2462 4312 0
4001 -2031 0
387 -2193 0
-1820 -2915 0
2881 -1370 0
-694 5633 0
6260 471 0
-2320 -6430 0
-2229 -146 0
1309 -1188 0
3908 137 0
-676 -4554 0
-3341 -919 0
4383 4688 0
5825 4906 0
4094 -4721 0
-3716 360 0
-6360 -539 0
3779 6198 0
-1303 -963 0
-5214 -454 0
-3536 3732 0
-1134 -5850 0
-457 3249 0
1641 -1994 0
-6379 4747 0
-1547 -3586 0
-2550 4831 0
908 5370 0
-2001 -6081 0
2154 -2836 0
-4373 -643 0
5655 33 0
4599 -6913 0
-6960 957 0
-1335 -1798 0
-3175 -4026 0
-4136 -4701 0
5135 -6907 0
-4491 -1456 0
-4274 -4999 0
-5599 -2115 0
-5869 4461 0
-1061 -3126 0
914 5471 0
-2618 -1774 0
1818 -3583 0
4655 1430 0
4079 -296 0
4188 583 0
-4382 -1250 0
-453 4754 0
6210 6763 0
-2121 5948 0
-3206 -116 0
-2132 3016 0
-3618 6232 0
2143 2440 0
63 -1459 0
-3496 3373 0
-2739 5274 0
-5057 -2103 0
5566 -210 0
1332 -5120 0
-373 -1574 0
-5282 -3306 0
-1152 -5759 0
-6217 3820 0
-422 1786 0
2843 -46 0
-3375 -6542 0
-3368 6910 0
-3481 -4110 0
5307 4278 0
192 -1692 0
-525 5290 0
1079 1052 0
-3726 266 0
6729 5463 0
-2471 -6858 0
3731 -6669 0
-81 533 0
-2099 -6123 0
-333 -5337 0
843 1218 0
-4669 -6528 0
-5628 4408 0
-427 -4101 0
-788 1380 0
-3743 -4663 0
4922 -76 0
3584 -1332 0
1886 -1061 0
-6048 -4195 0
3134 3914 0
-6232 -4451 0
1592 -5046 0
5676 2409 0
6770 -6107 0
-4497 -1227 0
6238 -5500 0
4243 -6179 0
3015 -2706 0
2261 -5013 0
-2146 -5107 0
2267 3235 0
-3282 -5252 0
2638 4925 0
546 1379 0
1778 -5954 0
1678 -317 0
-3339 6550 0
-2655 1888 0
-5824 -3765 0
-5976 -3211 0
-1801 -1595 0
4674 5605 0
4084 7000 0
-6120 -5375 0
-6588 5591 0
1747 -6920 0
-6322 2700 0
-5512 5991 0
-4773 -2960 0
2859 -3552 0
-1093 2717 0
-4410 -790 0
-6625 -1672 0
-4836 -3986 0
4073 5514 0
3368 -5720 0
-6 -1063 0
-1182 -862 0
5023 -1911 0
-4995 -4291 0
3348 2649 0
1290 3727 0
6780 -2377 0
6947 -1304 0
5871 -4773 0
-2907 -1765 0
6974 4895 0
1935 -1617 0
975 -4847 0
-1177 4560 0
-4112 1008 0
852 -6868 0
-1640 6000 0
846 -6975 0
851 3859 0
-960 -3977 0
-799 -2259 0
1898 -2340 0
3923 4242 0
-5699 3499 0
2539 -5593 0
-1312 5514 0
172 6013 0
283 -4406 0
6674 1904 0
4933 -6676 0
-2947 5016 0
-2146 -570 0
367 -606 0
-4486 -1979 0
1334 -626 0
-6595 3575 0
5724 -6819 0
-6566 1379 0
-6972 -1728 0
6219 2965 0
-3039 1512 0
6554 -689 0
-1342 3180 0
-6998 -5133 0
4331 -1912 0
-6466 -863 0
16 -4390 0
3615 -5668 0
6524 6312 0
6791 -5511 0
1003 3582 0
3416 4145 0
331 -2407 0
2162 879 0
-4805 -1729 0
4945 1574 0
4228 4590 0
-3838 466 0
5863 -2209 0
2388 -4821 0
2504 -2842 0
-5241 -1553 0
16 5547 0
2546 3676 0
836 -3156 0
-4937 -1471 0
3411 6924 0
-5302 -5966 0
2106 -3308 0
5808 4754 0
1073 5618 0
4658 4899 0
2242 5589 0
-2527 -4408 0
2573 -4775 0
-3976 -4478 0
-1927 278 0
-6691 -1651 0
-3279 -4186 0
654 6015 0
-376 6623 0
-3060 1466 0
-447 569 0
3938 -454 0
5766 -237 0
815 5818 0
-1180 2444 0
-4207 4009 0
-5689 -1133 0
-2678 -4843 0
2392 5747 0
5955 1435 0
-6984 -5581 0
6465 -4624 0
-1805 3121 0
-1415 6477 0
2287 4631 0
6543 -5545 0
-341 5054 0
3628 125 0
-210 -1639 0
3847 -3284 0
6885 3648 0
-5718 1847 0
4550 -3278 0
6520 -1805 0
-6567 -4799 0
-1995 -6656 0
-705 2161 0
252 -1798 0
-5668 4619 0
-4472 -665 0
4689 879 0
451 -3559 0
-909 3958 0
-5778 -2290 0
-5598 3440 0
-3260 5929 0
-2339 -303 0
2373 -3048 0
6956 6164 0
3251 -4052 0
3669 6297 0
-1537 5304 0
-2726 6803 0
4676 2279 0
3155 2450 0
-5337 -1844 0
5310 -3620 0
-4241 2992 0
3781 -3013 0
5416 -5069 0
3195 -340 0
-3407 5822 0
-2749 -6835 0
-37 3482 0
2816 -2908 0
-3702 -894 0
-2430 -6368 0
-6238 317 0
1747 6940 0
-3997 5452 0
-1795 626 0
-4417 5841 0
-2489 -3687 0
-4996 -3242 0
-2047 6792 0
4190 327 0
1771 -3670 0
6699 -2441 0
-217 -2002 0
5440 -1700 0
-6154 4211 0
2473 2913 0
6013 -3081 0
-4625 -1003 0
-3539 -4457 0
-6367 -3503 0
-4222 -865 0
-6771 4590 0
2534 -3018 0
-2831 3979 0
586 6553 0
6299 5000 0
5724 -2644 0
2624 -1858 0
-470 -220 0
5726 -2926 0
-5904 2482 0
-5533 -5715 0
-6115 6075 0
6260 -6820 0
-3723 -3586 0
5549 1853 0
-3146 -3231 0
4726 -4910 0
-5125 6908 0
-4825 -6908 0
5898 -6600 0
4841 -5177 0
5139 -1675 0
6533 -5649 0
2901 5613 0
-3031 6551 0
-4543 -5175 0
-1719 -5565 0
5115 4324 0
5765 -6981 0
-6033 -2801 0
-177 -6716 0
6652 4378 0
19 -1403 0
4881 -4969 0
-3053 -4741 0
-4427 -2775 0
-1049 -6163 0
3135 -2022 0
-6125 6930 0
-4157 -683 0
-5954 -2877 0
1929 6390 0
-3779 -1058 0
1572 -6290 0
490 951 0
-4471 1907 0
-973 -4508 0
3861 5252 0
3386 1970 0
-4581 -4651 0
-3124 3805 0
109 616 0
-1232 -6120 0
5592 6166 0
4519 -6518 0
3295 5700 0
-2796 -5542 0
3346 5273 0
-6422 4047 0
-1682 -75 0
2394 3646 0
-2135 5010 0
-5416 2111 0
603 -4738 0
3758 1691 0
-6506 6585 0
-4377 4475 0
-4613 -6175 0
-1339 -815 0
6607 -4004 0
2037 527 0
3894 -6373 0
4918 -2385 0
-2221 -3974 0
-3839 5938 0
-1586 -4461 0
3741 -5005 0
-896 -2197 0
4558 -2811 0
3014 -4555 0
-6211 -1512 0
-4843 3790 0
2085 2003 0
5164 -6772 0
3554 -2652 0
1736 -306 0
6224 1921 0
6006 4214 0
-6314 1763 0
-1685 -2206 0
-797 3079 0
-5680 733 0
4494 -5893 0
4978 1 0
1083 -1150 0
3672 -6811 0
1429 -1529 0
636 -1609 0
-3887 3420 0
1131 -1763 0
-5687 4615 0
3061 840 0
4831 3306 0
-2321 2721 0
-2662 1336 0
628 2865 0
-1563 -1896 0
5334 6351 0
3029 3651 0
-4717 6069 0
-6183 2816 0
4655 -5360 0
-2169 4621 0
-952 -4147 0
4228 -3342 0
-127 -5522 0
-4694 4718 0
1135 -4503 0
-4779 -5609 0
4277 5378 0
2234 54 0
403 -2591 0
-2456 -2785 0
-748 -2705 0
6412 -3158 0
923 5022 0
-5467 4414 0
4203 3507 0
2624 -6886 0
-6033 -24 0
-4797 3464 0
-5979 -3109 0
-5326 -2651 0
2445 5215 0
-1061 -4490 0
1868 -6406 0
-1323 -6147 0
-4403 -2908 0
3827 -6073 0
-3211 6634 0
-894 3600 0
-6383 -6030 0
507 409 0
649 -2556 0
-1238 -3273 0
6257 1920 0
-859 173 0
-1680 -3746 0
-2367 3175 0
6693 1895 0
6110 5814 0
-5742 -6217 0
534 300 0
5767 -3 0
-4574 -721 0
-459 -5607 0
5605 -1399 0
-4334 -5006 0
1156 -2124 0
5952 5701 0
3483 3001 0
1744 4217 0
4903 -2389 0
2909 2312 0
3493 -351 0
-4357 -813 0
3178 5866 0
5038 -6470 0
-1227 -6926 0
6136 5784 0
-5833 -1843 0
-201 -3583 0
-5849 -6476 0
-3548 -927 0
3268 -6693 0
-2754 -4325 0
2318 -2582 0
-6928 5294 0
5080 -890 0
3610 -2998 0
693 1199 0
6226 -2910 0
-1718 -5058 0
-3936 -4744 0
2938 253 0
-6897 5094 0
-2982 544 0
-6347 -3770 0
636 4661 0
-427 -5930 0
-3945 5555 0
1105 -620 0
2886 4039 0
-1174 -246 0
4510 4813 0
-4214 5164 0
-4009 1532 0
-4116 3180 0
5123 -5245 0
-3489 -906 0
1075 -4738 0
5178 -742 0
-211 1625 0
1082 -3400 0
-2427 -5141 0
-6659 -3999 0
-3443 -5208 0
4300 -921 0
-2730 6992 0
-1018 -2200 0
-1597 -6824 0
-4518 -2338 0
6922 396 0
3967 -1206 0
-197 6225 0
-430 -1778 0
4654 6164 0
-194 1884 0
4078 -3396 0
2929 -141 0
-6600 -1385 0
142 443 0
-1868 5272 0
-430 -6930 0
-1600 -1418 0
3103 5726 0
-1978 3618 0
1071 -4199 0
5761 -4028 0
-6823 6663 0
-3868 2444 0
-1804 4075 0
-2810 -118 0
-2066 2744 0
5305 3279 0
6265 1285 0
-6298 1244 0
3741 -3820 0
-759 3969 0
6647 35 0
5308 -125 0
-5680 -6744 0
-4328 -3809 0
-5476 -1376 0
-5365 -4157 0
3260 -1345 0
5109 181 0
-1097 3906 0
-4804 -5594 0
6011 4107 0
3143 -2929 0
4568 -5072 0
-6267 6514 0
-6063 4647 0
-2474 -3902 0
-5292 3418 0
-1403 3913 0
5606 -53 0
4609 978 0
6221 -4861 0
1310 6773 0
4304 -4936 0
-6001 5878 0
3216 6497 0
4194 646 0
2315 -6789 0
-3512 -628 0
-2886 6511 0
2585 -2046 0
-3451 6301 0
-5295 -2817 0
-6586 -1119 0
-5089 6189 0
5729 6403 0
1874 -6068 0
6822 -2135 0
6914 -3116 0
4334 2559 0
2234 -6917 0
-4757 -1822 0
3028 1416 0
5550 -4675 0
2879 -3133 0
-4143 -3236 0
-3242 4450 0
-3879 -3114 0
-4095 2912 0
4228 -1977 0
-2160 -2462 0
-3975 4222 0
-2612 5252 0
1909 1593 0
6132 6336 0
5347 -2175 0
-3350 -6909 0
-5267 -234 0
5033 5292 0
5266 6652 0
-6337 2382 0
-4175 -1310 0
615 -1935 0
1484 -3047 0
-6861 371 0
-6229 -5217 0
6567 -3949 0
-2110 -1372 0
4725 5574 0
-4506 -5041 0
5439 -6701 0
-4482 -5508 0
-5405 3479 0
-3633 -2291 0
-6980 6546 0
-4703 4828 0
-6795 -384 0
2957 4680 0
5541 2737 0
4403 1609 0
-4015 1415 0
-1316 5923 0
-29 5921 0
-4930 5996 0
-1638 -722 0
4159 5745 0
-3794 6720 0
6135 2936 0
-2757 424 0
4908 -2819 0
-4385 4343 0
-453 5094 0
6930 5815 0
-4992 -354 0
1058 2631 0
-987 5048 0
2497 134 0
912 5740 0
-2107 1369 0
4525 626 0
435 1351 0
-1937 4275 0
-3651 -5490 0
-2033 -345 0
4286 -3441 0
4642 2127 0
6187 -6165 0
6911 6771 0
-2656 6701 0
-5597 368 0
254 325 0
-3404 5352 0
-2537 -2386 0
-6551 3363 0
5358 -2519 0
1829 -4439 0
-4618 -1788 0
-6187 -2638 0
3970 2987 0
-6778 -4610 0
2344 1146 0
2820 -224 0
3581 2003 0
2027 4090 0
-2076 -4991 0
-2433 -6503 0
3300 6254 0
-1084 6433 0
-2079 -1950 0
-3577 4467 0
500 1297 0
-5417 -6563 0
-2341 -2164 0
1014 -2309 0
508 -3352 0
1068 -5037 0
4856 6190 0
-2332 -3228 0
4363 6228 0
6129 5080 0
4370 -898 0
693 -6389 0
5601 671 0
-5089 -3116 0
-6507 -6068 0
3332 -155 0
2179 2913 0
2873 184 0
-4807 -2535 0
-1794 4670 0
2325 2685 0
1671 -3352 0
2600 -1878 0
-3904 826 0
4848 -5887 0
-6691 -3764 0
-5210 -1394 0
1004 -5236 0
111 -5559 0
5928 1122 0
2164 -1334 0
-957 -3865 0
-2030 3802 0
-5673 1108 0
-1280 -5410 0
-463 -1139 0
-5799 1317 0
403 -3838 0
2175 -5909 0
-1522 -889 0
-1648 -2961 0
4910 5662 0
5483 -1982 0
-5229 4195 0
-3126 6645 0
1428 -4514 0
231 -1284 0
-1521 -5972 0
-2621 -253 0
-4945 380 0
-4088 3592 0
5949 -6401 0
-3267 4757 0
1582 -99 0
-3759 564 0
1385 6446 0
-4942 5339 0
-1255 5498 0
3193 -1956 0
-3147 -5597 0
2554 1727 0
-142 -5800 0
-6614 2604 0
-3582 -6401 0
-1736 1169 0
2169 -3363 0
6590 -5361 0
-2715 -6014 0
3414 6304 0
60 -6010 0
2561 -3543 0
3704 -826 0
3669 -2646 0
2446 3817 0
-6086 5971 0
-5884 -6448 0
-3464 -6860 0
-6604 5395 0
260 -1180 0
-5180 -5995 0
2125 4396 0
2821 944 0
-4736 5280 0
3438 514 0
-3491 6381 0
1778 832 0
2557 705 0
-3041 -4428 0
-1945 1409 0
-4789 627 0
-5613 1482 0
-6707 -3644 0
-5931 314 0
-930 3856 0
-4019 -2301 0
2598 -5477 0
4942 -871 0
4204 560 0
2739 -4864 0
-2518 -2593 0
-5551 -4304 0
5753 -3523 0
-6144 -1590 0
-4345 -6601 0
-6176 -4171 0
5638 5390 0
-27 -6959 0
-1487 5483 0
1127 6845 0
6140 6670 0
5531 1908 0
4821 -4859 0
-6150 650 0
-144 475 0
720 -3298 0
2407 -1423 0
5639 2334 0
2645 -6513 0
6883 -3126 0
-6437 5925 0
2995 3367 0
-3042 2168 0
293 -4329 0
-145 6187 0
403 2313 0
-5270 -4419 0
3106 -2703 0
-6781 -5968 0
4900 3275 0
-1527 3139 0
-6672 -6073 0
-3920 5273 0
4635 3930 0
5445 -1516 0
458 388 0
538 -909 0
-4304 -4081 0
4132 -4034 0
6211 -5610 0
-5726 -872 0
-380 -3480 0
-273 -2225 0
1562 -1069 0
-3307 -206 0
-5741 -6465 0
858 -1799 0
4264 -6108 0
-5836 641 0
-67 -6380 0
-1175 -1973 0
-5924 -3140 0
-4402 2385 0
-6801 -5788 0
-2680 22 0
-5295 -3562 0
-1640 6830 0
-3479 -5650 0
-6268 -339 0
4611 -2494 0
-3031 5566 0
-3624 -3904 0
1218 -1057 0
5065 -4649 0
5540 -4468 0
-2059 -3666 0
1443 -654 0
6627 3703 0
-2692 2448 0
231 1640 0
-6515 -6868 0
-1683 5857 0
4796 1795 0
1525 -6180 0
1683 6017 0
-1902 -332 0
-3530 6024 0
-5720 -1740 0
-5834 -4268 0
-2465 -3534 0
-1792 1065 0
-5624 1559 0
4346 1859 0
-1059 2295 0
5624 685 0
3042 -867 0
2333 6297 0
-1974 1482 0
-2921 -5376 0
6250 -3842 0
-2219 -2707 0
848 -1777 0
5581 6656 0
-6676 6361 0
-2003 -6072 0
4840 -1720 0
-1960 6639 0
-3385 5052 0
5532 -5898 0
-3889 -5753 0
3003 -6656 0
4233 -906 0
2571 -1081 0
-4364 -69 0
6319 2412 0
-5444 -3455 0
-5083 -743 0
1482 917 0
4283 3153 0
5998 6404 0
3361 -1210 0
5724 -3893 0
-5483 -4001 0
-5747 -458 0
641 2479 0
-3982 -3864 0
-3823 1501 0
-2010 -6851 0
4037 -3566 0
-1186 3848 0
4468 -1513 0
5709 -4638 0
-2036 -6406 0
5206 -6897 0
3714 6580 0
6864 -2846 0
-5014 -3338 0
4224 -2078 0
-2291 -302 0
-1472 -4778 0
2331 -890 0
-2118 4520 0
3134 -4491 0
4152 4141 0
-667 -476 0
-1653 -1800 0
-1980 -235 0
-4530 -3668 0
1189 -3830 0
-117 239 0
-4443 4986 0
5992 -1149 0
5541 1957 0
-42 4300 0
-1093 4202 0
-888 5744 0
-4800 -6547 0
-2759 -4064 0
-5214 280 0
1260 -6799 0
2237 -5635 0
3274 -5091 0
-4567 -3416 0
-4519 395 0
-6158 -6034 0
798 3135 0
-4162 -1110 0
-4867 -1852 0
-4669 1085 0
-3958 2645 0
616 6886 0
-1801 173 0
-3089 -1570 0
-883 -4933 0
867 -976 0
3707 5079 0
-1244 -897 0
-2015 -3481 0
-3147 -2511 0
-607 -3490 0
929 2170 0
-6940 1832 0
106 3973 0
3483 290 0
4464 4411 0
1398 3509 0
-4643 -4719 0
-5356 -2316 0
3060 -1035 0
5588 -1446 0
-6627 589 0
2086 -6684 0
-2994 3535 0
-6713 -2162 0
4087 -1120 0
2125 6239 0
5481 5784 0
1884 -4932 0
1789 -6740 0
-4643 -6139 0
1497 4478 0
-6382 -5527 0
1065 4504 0
-1147 -6584 0
-3732 3802 0
-5716 -2515 0
-6380 -5966 0
-1770 2509 0
2762 -4283 0
6207 3074 0
-6207 4001 0
1599 -6787 0
163 6877 0
-3190 3823 0
-4747 -4849 0
3 -203 0
2283 2564 0
6893 1550 0
2177 -5340 0
6547 -5372 0
-2828 -789 0
-6499 4746 0
-5959 -6691 0
622 -2274 0
-3953 -3602 0
-4662 5495 0
4871 2864 0
-2274 2288 0
-2514 -6719 0
-6693 6810 0
-2699 2349 0
4749 -3299 0
1979 -1335 0
4234 -1186 0
4226 -2016 0
5140 696 0
568 1939 0
-4380 -1864 0
4137 -1455 0
-1260 -6949 0
-2915 5359 0
-5021 615 0
5438 -565 0
3948 -4450 0
-1019 5144 0
-3636 1016 0
-4187 -5691 0
4134 -2868 0
1150 2228 0
3118 4949 0
-2683 -3751 0
-4708 -5900 0
2179 3865 0
4012 -1117 0
376 2496 0
6436 1311 0
2593 -4502 0
1077 -3931 0
-1953 5203 0
-3423 4907 0
-404 -1635 0
5908 -3271 0
-1427 672 0
80 3440 0
952 -2223 0
5868 -6734 0
2974 -4733 0
-2715 6740 0
4543 952 0
-5822 2702 0
-4282 4763 0
-5636 6528 0
-2129 -1422 0
-240 -3139 0
-3422 -869 0
-2052 -5327 0
-145 4760 0
877 -4274 0
4542 2342 0
6537 1237 0
-4503 2075 0
-5208 4806 0
-5675 -5763 0
6354 6156 0
6504 1127 0
-930 776 0
1733 771 0
1835 -3021 0
4400 4740 0
-6551 1459 0
-6622 3142 0
-1221 1452 0
2220 -1843 0
1939 1976 0
-3353 -6415 0
-3781 -4500 0
240 1514 0
-3056 5459 0
-2954 -3250 0
-154 -659 0
6973 5414 0
1598 2832 0
-1677 -1208 0
1007 -5975 0
-6783 6886 0
5454 -3782 0
-3869 -3134 0
4788 6472 0
-3868 2299 0
-5596 2560 0
5648 71 0
-3402 -1367 0
4064 -6488 0
-4199 3143 0
860 1656 0
-214 2764 0
6759 1295 0
-4370 -446 0
3510 6404 0
-4460 -1934 0
-2518 -6502 0
3990 520 0
-6035 4656 0
-1375 -1244 0
-4462 2953 0
4889 888 0
208 3585 0
403 -1587 0
5048 3677 0
-907 4043 0
1316 1267 0
-5402 3797 0
-3197 6421 0
-3263 6964 0
4243 1581 0
1216 -2447 0
-2703 -3028 0
-940 666 0
4037 5648 0
1839 -6322 0
-2434 3062 0
3097 -269 0
2155 3607 0
2571 -1359 0
5471 -6485 0
-877 -5808 0
4317 -1864 0
-837 -6368 0
-1344 -2124 0
-3118 258 0
-2571 -2797 0
-6700 1797 0
3611 3478 0
-2516 -5709 0
-2531 308 0
-1321 6779 0
3095 -727 0
-482 3888 0
-2202 -1770 0
5457 -2158 0
4959 5024 0
4487 3349 0
5214 -6358 0
3386 -4103 0
361 -257 0
1909 -2128 0
3395 5708 0
6128 -4425 0
-4502 -6677 0
2276 -2849 0
-5383 5885 0
-6777 -6414 0
-5017 -1765 0
-2572 861 0
-4390 -4448 0
2116 -4429 0
-6653 -6746 0
4537 4592 0
6583 -1550 0
5230 2243 0
4780 1306 0
-6672 5223 0
-4058 5910 0
-4752 6968 0
6900 -3208 0
5814 -6575 0
-1861 1911 0
6463 -448 0
-5011 -3306 0
-5193 -1037 0
6556 2320 0
-2307 -1409 0
-1372 -6829 0
-452 -1289 0
-4101 2795 0
1672 3973 0
-613 -5073 0
3286 -5123 0
-6621 -6019 0
-292 6447 0
-263 -3431 0
-647 -6531 0
2850 5476 0
3997 -5998 0
-53 -4555 0
-1819 -1452 0
2303 -924 0
3077 -105 0
2233 -1159 0
-4258 5819 0
-6328 3242 0
2204 109 0
-1179 -3156 0
1480 -5449 0
-3633 1388 0
652 4079 0
-3843 -4834 0
2291 -3819 0
-2146 -2342 0
2956 -3953 0
-538 -2049 0
-2834 -5213 0
-1252 -5864 0
2919 -4101 0
-5575 990 0
-3947 -5554 0
3336 9 0
-4821 -3491 0
6754 985 0
-2570 -1130 0
-2686 -2710 0
491 488 0
2127 3329 0
-6222 -3484 0
1334 3587 0
-2830 -4295 0
-6090 -1705 0
-2605 3681 0
2397 2984 0
-306 -5083 0
-359 -5658 0
-6524 -4121 0
-4548 4190 0
4677 -1295 0
3763 6655 0
2168 4272 0
6502 3537 0
2957 -5030 0
-2030 3706 0
-4696 -4227 0
-439 -2642 0
-5165 -3609 0
3099 -3162 0
-454 -2356 0
-2224 5919 0
-5751 -5801 0
-866 -2590 0
-4836 -6445 0
-6079 4652 0
-1458 1760 0
-6251 -872 0
-5859 3494 0
-2493 -2670 0
4659 -1364 0
-1762 5134 0
-5109 -5922 0
-2474 3067 0
-4965 4289 0
6116 -4352 0
-3626 1679 0
3940 -4232 0
193 1094 0
-1281 -1828 0
1015 1790 0
3050 -656 0
2241 6449 0
4643 -117 0
6432 2323 0
-6519 -6791 0
4803 760 0
-3111 1650 0
688 1496 0
857 219 0
-136 -129 0
4853 4030 0
-2415 1350 0
3670 -6121 0
-853 4762 0
6578 3662 0
2737 2372 0
-1500 -6461 0
6878 134 0
-3375 -513 0
2380 -4711 0
-4250 -2330 0
169 -6240 0
5949 -3710 0
-648 -2463 0
-6853 -3042 0
2354 2122 0
6082 5590 0
921 -6595 0
-4485 6946 0
-5115 -1933 0
1613 3641 0
-6983 5957 0
-5562 -5168 0
-4926 4902 0
-5826 -3721 0
5607 4769 0
449 -6925 0
-5407 -6994 0
-4379 6584 0
766 -2391 0
2902 6632 0
4333 6691 0
-2799 -1942 0
3152 6225 0
-1191 -4365 0
507 -5262 0
-4370 -6603 0
-6524 1405 0
-4719 4100 0
3433 6176 0
6811 4501 0
3094 1107 0
-6603 -894 0
-3853 3964 0
5528 -3202 0
6714 -287 0
-5983 2563 0
-3620 1612 0
4282 -1163 0
-3874 2975 0
-3664 -1684 0
-3823 5189 0
-4736 5751 0
6801 6562 0
3573 -6011 0
-1994 -2673 0
-5353 -6380 0
6568 2610 0
4285 -3188 0
-3286 -233 0
-562 -291 0
-4191 476 0
597 -3872 0
-333 -1652 0
-6454 -4115 0
1866 4017 0
-5739 5960 0
1746 5746 0
1682 1108 0
-2165 -6758 0
4996 -3091 0
-1954 -1032 0
3377 4975 0
3399 3998 0
-3356 -6715 0
-3839 -3283 0
5411 6889 0
-4169 3255 0
-3194 5801 0
6390 663 0
4205 533 0
-1064 -3289 0
5254 -2751 0
-3736 2932 0
6923 -6230 0
3675 -3956 0
2352 246 0
-1054 4955 0
-2504 2710 0
-2418 1639 0
-4859 -3581 0
-1282 3498 0
4428 -6634 0
1130 -5567 0
6264 5552 0
2585 -2602 0
4341 1062 0
-2271 -2410 0
-4145 2999 0
2550 -1038 0
-4485 -2815 0
6872 -6653 0
-5009 -6406 0
4997 -2241 0
-6526 -1780 0
-21 -6281 0
-3059 4795 0
4833 -5769 0
-2787 2055 0
-2474 -5088 0
1938 -4959 0
-4374 -2774 0
6436 6503 0
1410 -3388 0
-2405 -4012 0
5636 -4429 0
2497 -2544 0
2134 1676 0
-3652 -2923 0
5644 1145 0
894 -3632 0
3908 -5798 0
1792 -6947 0
1421 3096 0
-1024 6710 0
5921 5600 0
1522 6560 0
-2457 -863 0
-1747 -1128 0
-3350 -6632 0
1362 2104 0
3819 2065 0
-6645 -3279 0
1047 -3097 0
-3468 -4374 0
2816 240 0
-2206 1601 0
-764 3981 0
4925 5715 0
-4891 -5396 0
-425 2429 0
-6604 561 0
1192 2842 0
-6798 -6924 0
1687 -944 0
6808 1636 0
-4111 5661 0
-4129 3711 0
-2283 -823 0
-5680 -4204 0
-5998 -2780 0
-2106 -1226 0
3278 -3225 0
-513 3308 0
4453 6694 0
-5680 2069 0
-2252 4176 0
-5146 6563 0
4588 1291 0
2115 5620 0
2278 -2517 0
-2538 6632 0
-5848 4240 0
-3444 1672 0
1740 -1487 0
1517 3981 0
4873 -6491 0
4497 -6285 0
803 940 0
-4 6024 0
2687 359 0
-1126 -4383 0
-3802 582 0
6119 -2323 0
4654 5411 0
-1008 -1737 0
3518 -2312 0
873 224 0
3994 5166 0
2765 6559 0
-5646 -5642 0
-1574 -1608 0
-1493 3661 0
-2702 -3365 0
-1247 49 0
5018 6386 0
-4004 -2449 0
-6058 1216 0
6927 -4835 0
3211 4202 0
99 -5478 0
6444 -4111 0
1806 2683 0
1747 1152 0
1045 4675 0
1019 -4905 0
6026 -3598 0
6499 -12 0
-6813 -2572 0
4831 -4926 0
-5072 -4779 0
-4494 5418 0
-2651 -1527 0
2507 6387 0
5888 -5757 0
6964 -793 0
-4784 5070 0
2156 1515 0
1604 -2725 0
-5185 1923 0
5550 -1482 0
-1570 -5176 0
-1146 -374 0
1029 -4050 0
2813 6648 0
3646 4488 0
6433 4255 0
-2675 -3260 0
-3771 -1265 0
-2266 2610 0
2284 183 0
6570 -5330 0
-1687 1973 0
1670 2743 0
-1910 -6933 0
804 -3984 0
-1436 -2263 0
-5145 1095 0
-6630 1911 0
2377 -479 0
-127 1930 0
-3414 -3564 0
-704 4434 0
-179 -3040 0
5648 -168 0
6005 -1766 0
1429 -5606 0
-1064 -2622 0
-2316 6504 0
827 -2345 0
2317 -3765 0
3613 -1040 0
-3931 -796 0
-5131 -4263 0
-2266 706 0
3360 -4829 0
2185 -4192 0
-3632 1170 0
-6042 -6470 0
5373 -37 0
-1097 6769 0
-1406 634 0
6195 199 0
1555 6377 0
6413 -6699 0
2801 -1707 0
-409 6191 0
2839 -2645 0
3162 -936 0
-1356 -5540 0
-460 6650 0
-1868 2448 0
441 -2905 0
-5621 -4594 0
-918 2859 0
4865 4071 0
437 -435 0
-3069 -1149 0
-4354 -3385 0
442 -6055 0
3126 1865 0
1410 -4146 0
4545 -1877 0
4748 -582 0
-5363 4437 0
-1329 4229 0
-3614 6696 0
-2219 4477 0
-3147 -1280 0
2102 -5543 0
-579 1500 0
-2136 -3900 0
6467 6329 0
-4994 -6211 0
-2644 3446 0
-6663 -995 0
334 4067 0
6891 5094 0
-5415 -5453 0
-1394 1918 0
1551 5665 0
4681 -6188 0
-5137 4090 0
4935 3816 0
660 1723 0
-2164 -2690 0
-1574 -6196 0
2491 1152 0
6389 -4421 0
-2562 2677 0
-1930 -3574 0
3275 3091 0
3722 -5729 0
-3413 4653 0
-2207 6992 0
2525 -3771 0
-1958 -1225 0
6138 1699 0
-4485 -6078 0
1529 -4339 0
-2560 -6489 0
4600 1637 0
2658 6598 0
5942 -6437 0
-1471 6655 0
-2258 6967 0
3951 3127 0
-2620 6663 0
6389 -424 0
3906 5868 0
2198 4648 0
-4410 -3036 0
-3716 -2249 0
-4429 2994 0
-6613 -5965 0
-4996 3126 0
-1876 6070 0
-3146 3716 0
5886 5964 0
5383 -1533 0
4128 4425 0
961 -405 0
2129 2513 0
859 3349 0
4305 -6109 0
-1965 5838 0
5491 4598 0
4777 -4096 0
6735 -2933 0
-2557 4210 0
-5427 640 0
-1375 -2998 0
2693 -5993 0
5119 4747 0
-4655 3770 0
-1617 4356 0
6230 1143 0
-781 1832 0
-4942 3472 0
4028 3042 0
-6487 6151 0
-6372 -2673 0
-4484 -2973 0
-1001 -4967 0
-6060 3454 0
2774 -4369 0
2668 2320 0
-183 -2809 0
5778 26 0
-1264 3721 0
-1127 -3553 0
-4075 -4938 0
2422 -2259 0
-2030 2877 0
5540 -4041 0
-5881 -1834 0
-982 -4249 0
2879 857 0
-6113 2233 0
6023 1527 0
6102 5753 0
-317 -4899 0
-6020 4137 0
-4231 2309 0
-2883 -745 0
-1547 4600 0
6834 3577 0
-299 4050 0
3376 6518 0
-5746 -6432 0
5024 -6003 0
5806 636 0
-2001 5243 0
-6980 4540 0
-4954 5974 0
-5873 -3448 0
-2806 333 0
-357 4311 0
-5286 5991 0
-5186 -2878 0
3 1042 0
-42 -878 0
-777 6115 0
-1981 1411 0
5838 -4947 0
-2236 -3390 0
4574 -5681 0
3437 1790 0
-2511 -6953 0
4989 -6224 0
-752 -181 0
2735 -5012 0
-4555 -3785 0
-4138 -3713 0
2957 785 0
-2428 -5804 0
-1872 -4205 0
78 1490 0
4038 -2101 0
-6345 -6553 0
1633 2769 0
-1256 2642 0
-5007 -298 0
-3350 -873 0
5579 -6953 0
-6092 6820 0
-3792 -2899 0
-1418 -4369 0
4743 1457 0
-708 -2058 0
2247 5413 0
4056 -2629 0
-3451 -4135 0
-1564 -4156 0
342 4095 0
-4421 -3730 0
-4646 1042 0
5658 4242 0
-114 315 0
3453 -151 0
6446 -5413 0
3039 -3607 0
-5027 6229 0
-3348 -3213 0
969 500 0
-1251 -332 0
-797 2749 0
1397 162 0
-2082 -2777 0
3113 6846 0
-1018 -1383 0
4562 4642 0
4192 -1610 0
-5259 -278 0
-6766 1020 0
-3602 1256 0
-3395 -4638 0
-6568 3782 0
-1525 -4105 0
425 3552 0
-2110 -6237 0
639 -821 0
4394 -1210 0
-2412 -1406 0
-4466 -3275 0
965 -5590 0
-4616 3060 0
4534 -4650 0
262 843 0
1810 417 0
5437 740 0
2818 -1109 0
-779 6518 0
-6783 -1747 0
4385 -3176 0
-2103 -5669 0
-2199 -4488 0
-3926 -4062 0
3794 2733 0
1705 -4506 0
-3417 -2192 0
-3635 1532 0
-3766 2710 0
479 3153 0
4935 5299 0
-6334 -3805 0
-6625 2417 0
622 -2822 0
-3229 -6840 0
5155 5506 0
5388 -5045 0
3050 6908 0
-3035 -6439 0
-5039 261 0
-4927 1111 0
-1807 -3595 0
16 -1596 0
4211 6645 0
-4700 -3692 0
2777 -3308 0
-3214 -4986 0
2410 -3911 0
-1807 -5352 0
2383 -3203 0
-5070 -974 0
4249 6008 0
924 4384 0
1474 753 0
4615 5016 0
-5724 -1866 0
-6497 -6621 0
-1043 -809 0
-4413 -4529 0
812 791 0
311 -5788 0
6234 -6017 0
-5392 4099 0
4652 -6233 0
-6957 -1977 0
6481 -4286 0
6029 -6211 0
6620 -6637 0
3837 306 0
-283 4591 0
4495 3482 0
-2034 654 0
-1665 -5610 0
3614 -4911 0
-100 -2884 0
1379 -2185 0
5923 378 0
-6713 2600 0
2310 -2143 0
-1049 -518 0
-3033 3841 0
2355 -6806 0
-3417 -431 0
5414 -468 0
940 1653 0
5483 634 0
-1722 2690 0
1103 3654 0
5729 -4282 0
-5524 -320 0
-1221 -539 0
1128 -5972 0
5257 -5987 0
-2613 5898 0
-6503 2912 0
-3343 4007 0
-4547 2816 0
5944 2956 0
610 -6785 0
-6534 -6749 0
3482 3627 0
-2622 3670 0
-4284 2636 0
1847 1807 0
6859 1388 0
303 6114 0
-2690 6908 0
814 -273 0
-3819 -2668 0
-3807 -630 0
5180 4026 0
-4239 1154 0
-243 1509 0
-5105 -939 0
3344 3363 0
-4797 2200 0
-5802 -3599 0
6849 -3424 0
-3035 1426 0
-1656 -3058 0
4594 -3938 0
-6496 -87 0
268 5052 0
-378 741 0
-4450 -5847 0
-5295 3278 0
5238 6696 0
3435 -2613 0
4159 4618 0
1384 -6872 0
-2297 406 0
1472 -2550 0
5307 -3186 0
-1121 -3975 0
-5062 -4992 0
-1967 4679 0
-4861 -5743 0
-6224 -2764 0
4919 -6420 0
1247 6536 0
-3953 5932 0
970 4687 0
-6240 -6485 0
-5599 -4962 0
-3075 -4548 0
5954 4022 0
-4349 -420 0
-4749 -5204 0
4292 -1147 0
3425 -2657 0
4393 6257 0
4435 2557 0
4666 -3305 0
-6189 -4518 0
4910 1962 0
2431 357 0
5782 -6366 0
-6013 3145 0
5573 -5164 0
-6605 -6964 0
-4073 -4926 0
4976 -1154 0
-5789 1221 0
-4951 3440 0
-915 4953 0
-5679 -474 0
3013 -6311 0
3847 5285 0
-3165 -5806 0
2971 -4704 0
-1930 3489 0
-6951 4723 0
-4058 2095 0
2504 -2437 0
-6294 929 0
4153 -3827 0
6749 -4146 0
-1819 -113 0
1413 2281 0
-6345 565 0
2084 2013 0
-6593 1723 0
215 429 0
6601 930 0
-1411 -5325 0
84 308 0
4106 -2501 0
5661 -1985 0
1056 4008 0
-839 4858 0
-1632 951 0
2132 -4517 0
-13 -3102 0
-1756 -4521 0
1883 2050 0
-3418 6989 0
3073 -5429 0
-3789 1227 0
515 6836 0
6933 -1549 0
-26 1407 0
-3640 6546 0
3871 -3316 0
6242 -5097 0
-4822 -4572 0
-656 2911 0
4459 -1684 0
-1917 5494 0
-3236 -1490 0
-6200 2644 0
-756 -2806 0
-4280 -2274 0
-1557 350 0
3088 -1204 0
5209 -169 0
-6610 -1754 0
1270 -3528 0
1655 1807 0
-4486 4490 0
4117 -5993 0
4626 161 0
-57 -1646 0
-5312 -3084 0
-2925 -5349 0
-4862 3273 0
-2613 4303 0
-2509 6045 0
-6917 -5534 0
-2418 -5983 0
4218 -979 0
-194 5511 0
1653 190 0
2961 -2346 0
-2492 6989 0
6968 -5074 0
6717 -6022 0
5545 5945 0
-6249 -5564 0
99 4566 0
-6987 -6260 0
-2402 -4690 0
4521 -1430 0
-5467 -5886 0
-3001 6760 0
-1376 -5746 0
-5486 5640 0
3716 1354 0
-4931 6565 0
-2153 2038 0
-1267 -4999 0
6032 5869 0
4474 -1855 0
-6867 -6610 0
5668 6220 0
-1500 109 0
4798 6389 0
1538 6311 0
-3415 4518 0
5306 -2509 0
-2946 -557 0
-6159 251 0
4217 1939 0
-5820 5038 0
6397 4460 0
-6534 -1198 0
-6377 -1558 0
5353 -1351 0
-2571 3501 0
-5608 -1804 0
4868 -4173 0
203 3676 0
-2341 6465 0
-4712 -2799 0
5229 -6188 0
6693 -545 0
4775 5050 0
5986 4077 0
-443 -6844 0
-2485 -6737 0
2304 -1404 0
-1396 -938 0
-1142 5439 0
-3760 4686 0
3066 1110 0
5243 3141 0
6800 5670 0
1426 -3103 0
-5377 -6096 0
-5137 530 0
4167 3708 0
3702 -5461 0
-6787 -4356 0
575 6633 0
4104 -512 0
-5779 1215 0
-3336 -4738 0
-1484 -3203 0
5861 -1495 0
-1413 881 0
4158 2810 0
2953 3183 0
-6736 -6422 0
-1229 -3209 0
-1364 4338 0
3398 -2656 0
-2513 -4575 0
-4126 2600 0
-4999 -779 0
2119 1891 0
-2182 5005 0
3723 -3193 0
1503 -1142 0
-2073 113 0
-2392 -3321 0
4336 -4035 0
3542 908 0
1799 -440 0
1286 -4032 0
3485 6892 0
3842 -2311 0
-1697 -5065 0
-5407 -3841 0
2618 -4309 0
201 3361 0
-4427 -6581 0
4639 -3854 0
-2292 6929 0
-5083 3056 0
-6556 3746 0
2708 -4961 0
-934 -2275 0
-4370 6103 0
2231 261 0
-4812 -2480 0
-4184 -6076 0
3788 -3552 0
2277 2572 0
2335 3904 0
2835 5713 0
-3210 -3164 0
-3951 6475 0
247 -3149 0
1 -3413 0
-5122 4118 0
5786 6164 0
-4347 731 0
-2856 -2854 0
3845 642 0
3090 2842 0
6123 6290 0
2963 2944 0
4666 5155 0
-4261 -4183 0
-3818 -237 0
689 5658 0
6766 -2763 0
-5155 1414 0
439 -1267 0
2459 6343 0
3156 -1652 0
6697 -6309 0
6465 -5111 0
-905 3099 0
-1161 2840 0
6726 1206 0
-5817 4133 0
-6141 -2118 0
720 6321 0
918 3924 0
-6412 -4671 0
-6499 4751 0
2718 -4018 0
3173 -5017 0
-6458 6245 0
411 4482 0
-4684 2534 0
5874 4062 0
-2866 3596 0
-2097 -1033 0
1103 -4932 0
3760 2972 0
-1907 -4077 0
-301 6437 0
5106 -4717 0
276 -6852 0
-4777 5457 0
-6832 -609 0
-2662 4039 0
5636 -4367 0
4778 -4397 0
1731 -440 0
6865 6489 0
1935 3799 0
2687 4943 0
3057 5971 0
-3525 -2918 0
-604 2249 0
4366 6877 0
840 -1858 0
-4450 -602 0
194 4577 0
4499 -916 0
-4556 -4602 0
3494 3217 0
6774 -819 0
1010 -964 0
-1247 784 0
-3830 2898 0
5502 3262 0
-6636 3117 0
-1569 263 0
6213 -5616 0
5751 -3121 0
5318 -3974 0
2501 -4299 0
-273 1391 0
693 -6087 0
-4860 -5922 0
746 6688 0
-5631 -5593 0
-3548 -1691 0
-445 6406 0
4665 -855 0
1458 4188 0
4602 5747 0
3877 -2795 0
-1919 255 0
4699 -5080 0
5246 2629 0
-5790 1696 0
-5808 3226 0
-1607 -204 0
1157 -505 0
5646 5635 0
-1934 -4959 0
5665 5389 0
-4470 3273 0
2808 -1212 0
2368 1383 0
1475 -4369 0
-6395 620 0
-5339 4062 0
5891 3089 0
4058 -880 0
-5299 3408 0
5232 -3838 0
-2932 -2429 0
702 2758 0
1108 -2536 0
-5919 -1519 0
-5103 -6841 0
-2928 4940 0
3452 -4379 0
4022 -203 0
-4298 -2084 0
-4209 -4043 0
5039 -580 0
-4823 -2825 0
6940 4114 0
5358 -1393 0
-1646 3763 0
596 -3923 0
-5945 -2338 0
-6551 2131 0
-908 -942 0
-2318 -3847 0
1116 -414 0
508 -3980 0
-656 3964 0
4757 4497 0
6394 4810 0
2590 2431 0
-4259 2388 0
5521 3118 0
-3770 482 0
-6209 -3100 0
-2741 -4588 0
-5235 -6766 0
2887 -4415 0
-1218 -1847 0
3705 -1904 0
-3742 2909 0
4983 -6956 0
-6748 -5619 0
4642 -5925 0
-1847 -1768 0
-4093 3984 0
-4986 1292 0
1049 -3171 0
-4017 -2165 0
-6322 -3698 0
151 -2436 0
-1525 -6949 0
-4579 4357 0
-3420 -6410 0
-5458 -75 0
-2918 327 0
4032 -6127 0
2345 -157 0
-852 -6752 0
-4645 -4473 0
-3369 -1021 0
5722 4223 0
3512 -5850 0
6921 6748 0
-6664 -5893 0
-6589 6116 0
-5183 -1214 0
-4651 2152 0
1766 -3046 0
5305 -1875 0
4218 6868 0
-4798 -3936 0
27 5804 0
-2646 -5935 0
6527 -3872 0
111 1790 0
-121 3695 0
4477 -6687 0
-2620 -1382 0
-4708 -2189 0
1292 -95 0
6483 -6494 0
-2269 -5561 0
4007 -712 0
-939 -2214 0
5902 -2747 0
3259 -4547 0
-6376 -431 0
6883 -5003 0
6230 -1173 0
-1569 3052 0
6827 6381 0
-1182 2865 0
1819 1994 0
2731 -3279 0
1321 -1387 0
5893 -38 0
371 5983 0
-1312 -3754 0
-402 -292 0
-4506 -1424 0
-1914 -5858 0
-2471 -5699 0
6623 6801 0
1508 -4637 0
4996 -2665 0
4370 -6257 0
-6733 -6620 0
-2630 -2602 0
208 3782 0
4369 6912 0
-1497 2183 0
-2096 6884 0
-1338 6297 0
4181 -1794 0
-501 2012 0
1909 -2019 0
-5636 2047 0
5316 -787 0
3061 5431 0
-2903 -3419 0
-4254 4986 0
1092 -3697 0
2872 -5969 0
3643 5683 0
-3058 6362 0
-5835 4128 0
2913 3345 0
2561 1649 0
316 -2546 0
3248 1582 0
5354 3742 0
-4694 -5542 0
-6525 -4484 0
1866 -2361 0
6477 -5725 0
4761 1054 0
5180 3293 0
-4143 -5047 0
2534 2241 0
-5127 6147 0
-3002 596 0
-5997 -4510 0
3370 1440 0
5045 6173 0
5578 -2201 0
-3289 -6898 0
-5362 4158 0
-6693 2736 0
6183 6725 0
3126 6315 0
-530 -1799 0
1306 142 0
5446 2201 0
4850 -2470 0
-2161 -5840 0
2008 -4972 0
5111 -3062 0
-6011 1806 0
4088 -739 0
1752 -2666 0
-2587 -4392 0
-5087 -1196 0
6249 3791 0
2425 786 0
628 -2848 0
-5907 6956 0
-215 -5199 0
-5483 483 0
5177 -1052 0
4551 -392 0
-506 1740 0
-3891 6251 0
-6457 -5353 0
1005 -795 0
3295 2450 0
-5363 -6310 0
-2230 6582 0
3102 707 0
6292 -3349 0
5810 -5278 0
3313 4012 0
1485 6715 0
-4197 2377 0
-6350 -1842 0
821 -2979 0
87 -813 0
-89 705 0
5387 403 0
-978 5363 0
-4297 3786 0
-2845 4731 0
4415 -5767 0
907 2915 0
-5892 5019 0
3356 -5568 0
-4923 1943 0
-3906 -1671 0
1442 3064 0
3300 -3104 0
261 928 0
-4636 -3813 0
-5241 -4121 0
-5712 2193 0
5662 -2405 0
-3089 -1628 0
-5500 -5062 0
4603 5060 0
-6982 5865 0
-2467 -4622 0
4362 3390 0
1837 -1507 0
275 4378 0
6934 1450 0
6576 -5815 0
3184 -1260 0
-1712 5629 0
-6658 6750 0
-4909 5362 0
-6311 1738 0
-3007 3690 0
785 -4545 0
938 5094 0
4957 -5422 0
-2779 764 0
3003 -1983 0
71 -6281 0
-3700 1424 0
-1617 -1685 0
3464 -3168 0
1301 -259 0
-1865 -2160 0
-6154 -4598 0
898 -5180 0
3423 -6484 0
2674 -3672 0
490 -3256 0
-3687 -4004 0
-4251 108 0
277 -737 0
-4799 -4932 0
878 554 0
-1004 6796 0
4637 1589 0
3245 6142 0
690 3382 0
6262 -1953 0
4834 3536 0
6911 -6285 0
445 3457 0
4423 -1927 0
-6098 -3117 0
-1486 5194 0
-4004 -2532 0
-3295 1033 0
-950 122 0
1027 1569 0
1888 -1993 0
-2192 5819 0
-4014 2548 0
-3747 -2282 0
6479 5485 0
2464 -2408 0
1609 2232 0
-2184 -653 0
6215 4032 0
1370 2494 0
-5719 -5470 0
-4762 -3182 0
4630 5142 0
2114 -1683 0
134 -6688 0
-3690 -5492 0
-1853 1504 0
3774 157 0
6583 -6438 0
-454 654 0
-6825 2271 0
2184 -5788 0
-2650 4922 0
1737 2754 0
-1726 -5194 0
-4881 -224 0
6744 -3483 0
-1079 -2871 0
-4850 -4158 0
-3997 -6558 0
41 236 0
-2553 -1435 0
-2432 -4512 0
2906 -4801 0
-529 668 0
-834 -5148 0
-5435 -1447 0
-3510 448 0
-2623 -2210 0
1299 5229 0
4044 -6655 0
2338 3705 0
-5223 1711 0
1015 -957 0
6056 -6328 0
1283 -5561 0
-3714 3249 0
-1700 -4514 0
6481 -707 0
5020 -170 0
-3384 6953 0
4816 3021 0
-3581 1027 0
-3417 1817 0
-4879 797 0
5317 -777 0
-4348 -3719 0
1595 -4531 0
-5498 -4675 0
5242 6971 0
719 3456 0
-5010 -2930 0
-4476 5372 0
-1651 -1775 0
3512 4054 0
-280 4245 0
4214 504 0
633 -4951 0
-6978 -6539 0
-384 5859 0
-5762 -3866 0
-1919 -4498 0
4315 463 0
-1368 -162 0
408 -2668 0
1740 -4493 0
-1304 -4866 0
-3839 1622 0
-3730 -2151 0
1494 1879 0
3087 -3567 0
-1727 6478 0
-4829 959 0
6315 -116 0
-889 -4707 0
4306 -6551 0
6713 -2120 0
-3742 -3359 0
-3470 1667 0
-5679 -1223 0
6225 -1028 0
2856 -5236 0
-1920 -5943 0
-3263 6741 0
1769 -2775 0
-6545 112 0
-3890 2101 0
6634 3323 0
-852 3825 0
6166 -5059 0
-419 -1449 0
-768 -254 0
4086 3313 0
3720 5920 0
-1967 5267 0
-2192 5074 0
-3639 5177 0
2935 4766 0
-6911 -6792 0
-6692 2305 0
-4007 146 0
-700 4467 0
-5181 6575 0
1936 2499 0
-5798 6199 0
-4403 -774 0
6296 -2194 0
-3000 -1288 0
6630 1944 0
5272 4536 0
395 -4111 0
6035 1264 0
3707 -645 0
-4923 -940 0
-2383 -5187 0
-5573 3596 0
1247 220 0
3683 6555 0
6637 2194 0
6354 -4794 0
4536 3506 0
913 528 0
-2435 -4817 0
3654 2389 0
-1417 458 0
-1384 1685 0
-6433 3277 0
-1455 6185 0
5540 6437 0
-1467 -1031 0
2210 -4202 0
-6768 -5137 0
5780 -4176 0
2829 4869 0
-5982 -4071 0
6196 808 0
-6516 209 0
-4646 -2777 0
-188 3932 0
1507 398 0
4338 5871 0
1309 17 0
4747 -3712 0
-5238 4500 0
-1802 2532 0
-3980 -6921 0
-4469 4745 0
-222 744 0
1721 -5858 0
2475 4986 0
4145 2402 0
6672 6331 0
5518 -6598 0
-2589 5049 0
-3056 -1822 0
5237 -5803 0
-6135 -5178 0
-5004 5361 0
679 -2805 0
2769 5884 0
973 -5247 0
4537 4423 0
2101 5882 0
2280 -6714 0
6562 -4399 0
-1095 -4075 0
-535 -4629 0
5506 6221 0
-5623 -2141 0
6212 5603 0
3334 -2813 0
-5425 4308 0
-6822 2359 0
2949 4406 0
-3974 4496 0
110 6684 0
5301 283 0
1601 150 0
3967 2402 0
-604 4551 0
-5463 5267 0
-1560 -6430 0
-51 4969 0
2006 6312 0
-1557 5727 0
-644 -683 0
-3315 -598 0
-6115 6351 0
-1575 925 0
-2222 -3847 0
4639 -4439 0
2278 4214 0
-3244 -3640 0
-3584 4034 0
4719 1098 0
6073 5349 0
-1020 -97 0
4463 3224 0
-2726 -2661 0
-6551 -3744 0
850 1416 0
6837 4498 0
-5186 5487 0
1581 -1314 0
4418 -6163 0
-5064 -4129 0
-3276 6194 0
-3568 2970 0
-3056 2228 0
-4740 624 0
-241 -1640 0
-231 -1186 0
-4544 4003 0
-625 -1650 0
2904 -4726 0
-3648 -4466 0
-3429 -3745 0
-2060 -4605 0
2280 5944 0
818 100 0
2056 2225 0
-5778 -2373 0
-6296 -3215 0
1989 375 0
-6561 1090 0
-2576 -5338 0
-2064 -6747 0
4202 -4830 0
3332 6574 0
-5989 -3097 0
-6274 -3777 0
-746 2003 0
5898 -512 0
-6950 3770 0
2810 -4107 0
-6001 -1746 0
-1230 -2584 0
-4058 1639 0
2773 5042 0
3787 -1013 0
-619 -6131 0
5869 -1170 0
3871 -6945 0
-2819 1669 0
-2260 -4956 0
-3430 -5136 0
5476 2148 0
-3434 94 0
-2082 2188 0
-3824 346 0
6549 1657 0
1093 -6074 0
-6525 -6270 0
-1740 -6114 0
-3753 5035 0
2077 -898 0
-2938 -5863 0
-6739 6877 0
1945 5928 0
-5827 -4904 0
-4749 -5057 0
448 2192 0
-4546 3084 0
-57 1297 0
-1346 1353 0
4348 -4578 0
-4836 -853 0
-1344 -178 0
-3418 -3111 0
-4373 -1978 0
-68 -6233 0
-1398 -4820 0
-6224 -3320 0
4065 6919 0
4368 -5244 0
648 3743 0
251 -5130 0
5760 6879 0
5853 -419 0
-1355 5645 0
-715 -4542 0
-5133 -517 0
1008 -5659 0
-1876 -6987 0
3627 -5469 0
-2891 -2817 0
178 -1800 0
-2937 1105 0
4975 3200 0
-4726 -4666 0
-4158 1221 0
855 -3449 0
-1972 -3335 0
6621 -3605 0
-4953 -4974 0
1995 3961 0
-1011 -3284 0
1150 -6340 0
-6502 -6102 0
303 -2400 0
4298 3388 0
-3290 784 0
4034 4513 0
1146 6127 0
-4064 -4891 0
2630 5204 0
-2027 1521 0
5156 5072 0
4992 -3443 0
-1466 2879 0
4888 -3398 0
-5156 -4185 0
-633 5632 0
-837 -5997 0
-5780 -4384 0
5320 787 0
-1850 -5282 0
6991 464 0
-6911 -4241 0
-5871 -3997 0
5051 -2391 0
-4141 -6258 0
-4281 -887 0
1239 -5873 0
3074 1105 0
1689 -6738 0
-6403 594 0
-6584 -2648 0
465 -1047 0
-4666 4499 0
6338 -1400 0
-1348 -4546 0
-258 4805 0
1845 -3565 0
-4585 -4336 0
6473 -3979 0
-3084 -5215 0
-2296 -3247 0
-4422 1983 0
4308 1297 0
5136 3143 0
-3404 4814 0
-1139 6201 0
6717 2117 0
-112 4442 0
6936 2773 0
-5529 -4822 0
-2782 -12 0
-822 6076 0
2395 4755 0
-2146 1864 0
4780 549 0
2151 4753 0
1965 -5048 0
-2353 -1669 0
5213 4162 0
-2439 -2864 0
5238 6656 0
-3683 1894 0
-5795 3144 0
4951 2149 0
-6175 1696 0
-5445 6279 0
-5741 -4403 0
-2118 -6804 0
-1702 5721 0
-3292 -3128 0
6851 5769 0
-5526 3643 0
-5069 4462 0
2927 -2730 0
4185 1158 0
3571 1019 0
6993 6053 0
4584 570 0
-6230 655 0
6248 -6266 0
2485 -844 0
2004 5109 0
1869 5127 0
653 -665 0
-6359 379 0
274 -5413 0
-6562 707 0
6606 4157 0
-6892 3144 0
-6546 3286 0
6686 6702 0
129 -3467 0
861 -612 0
262 1848 0
-2788 -6459 0
-5517 -298 0
-4666 3442 0
3507 3005 0
5763 3559 0
3165 -3346 0
1761 5655 0
-6148 -2029 0
3208 1235 0
2499 -3104 0
-564 -6991 0
-679 -1733 0
-6347 -353 0
3577 -6148 0
-3450 -4039 0
4645 -2877 0
1830 -6625 0
4140 4757 0
-1910 -4877 0
-1202 -1428 0
-120 6861 0
-6409 -1893 0
4819 771 0
-2495 -5563 0
-4734 -4959 0
3054 -2112 0
-4080 -5606 0
5993 6403 0
4734 1431 0
5772 -3872 0
-4481 -4603 0
6582 2841 0
-5738 4193 0
-1479 646 0
-475 -3407 0
5292 5184 0
-6633 2301 0
-4203 6539 0
-5777 -802 0
5169 1262 0
150 5192 0
-3780 3102 0
-1256 -1876 0
1708 -5216 0
682 6981 0
5268 5276 0
5280 6301 0
3410 -1329 0
-4276 515 0
-3534 -6158 0
5436 -1539 0
-4676 2769 0
-5928 2483 0
5247 6112 0
-3344 4411 0
1305 -17 0
-6986 -2668 0
-1503 -4120 0
5985 5304 0
4029 1614 0
-1765 -1368 0
-6197 -4661 0
3636 258 0
-3024 1800 0
1894 3872 0
-1092 -6423 0
2671 -4644 0
-7 747 0
3499 -5024 0
-5496 1236 0
1323 -1271 0
-5623 -1913 0
-5448 -6457 0
2544 3189 0
325 5664 0
3415 -3352 0
-3637 4021 0
-3987 5648 0
-1588 2896 0
3377 -5514 0
2447 -2273 0
4385 -306 0
-2473 -3890 0
1379 1556 0
-6691 -410 0
-305 3830 0
-6032 -1854 0
-1461 -428 0
2726 -1576 0
-638 966 0
-639 -4927 0
-615 -904 0
4828 1699 0
1539 942 0
-6240 1021 0
-4978 -7 0
5643 -2462 0
-5464 5647 0
6865 -4252 0
1431 1626 0
652 1864 0
2114 3172 0
6620 3413 0
-1615 -5818 0
-1855 -2829 0
-4457 6511 0
6500 660 0
-6815 5736 0
-6114 -1214 0
3450 3551 0
6281 3180 0
-5105 6268 0
-73 -5574 0
6283 -2528 0
-1447 4784 0
-6940 891 0
3456 4271 0
5992 -3581 0
3614 1545 0
6201 5689 0
-3941 217 0
-3340 5933 0
3051 6073 0
-4661 -259 0
-5574 256 0
5015 5866 0
-2492 -4175 0
6551 6789 0
1459 2436 0
-3062 -4119 0
-3502 -451 0
-6923 -1383 0
-3578 1614 0
-6339 510 0
-4127 6047 0
3064 -1321 0
-5103 -680 0
2983 3649 0
-599 -3570 0
2219 -926 0
-1819 5619 0
1366 6107 0
-2593 5508 0
1395 -5818 0
-6926 -2255 0
-6073 -5360 0
-1983 4395 0
2089 3714 0
5444 -3458 0
-1028 -5682 0
-3388 5711 0
2987 3385 0
-6693 4681 0
-143 -2005 0
2410 2925 0
6636 5254 0
4789 5371 0
1145 -127 0
492 2364 0
1390 -2298 0
-1245 -5311 0
-4481 456 0
1584 1346 0
-163 -5550 0
6987 -6562 0
3620 -4006 0
6294 -5157 0
-4141 5024 0
6484 -6381 0
6932 3279 0
1764 1906 0
-4901 3052 0
1262 6277 0
-4736 2644 0
2114 6909 0
6032 -4336 0
-3854 3481 0
-1005 5398 0
-2854 6140 0
-683 4698 0
2354 -1585 0
208 4297 0
5343 6475 0
3686 -5567 0
-2430 4739 0
-2219 -766 0
4295 2637 0
5091 4585 0
6255 -1442 0
102 -4590 0
-5608 6450 0
1479 4047 0
-5275 -5246 0
-4626 -390 0
-1368 -4498 0
4545 -3922 0
-3691 -166 0
254 -3867 0
1712 414 0
3721 -6578 0
-6415 6349 0
-2883 -6807 0
-2449 -5010 0
-1278 -340 0
2276 -6887 0
-801 1423 0
6564 -1670 0
1243 -4038 0
-4664 -3202 0
-5054 870 0
2175 4014 0
-6139 -6248 0
-5815 -5586 0
-3963 -2793 0
-3437 -835 0
-6441 -1587 0
6686 73 0
6006 1676 0
702 -5454 0
805 4344 0
-484 -6084 0
-3399 2082 0
5218 4847 0
3244 -2385 0
2484 -1131 0
4560 -710 0
-3152 -5924 0
3118 -3803 0
5097 453 0
6560 6457 0
-6552 3534 0
-1778 593 0
-6725 -2779 0
-3108 -1984 0
6154 -1655 0
-2758 -2248 0
372 -363 0
-6579 2739 0
-3909 3470 0
-3066 6546 0
-6776 6381 0
-2801 -619 0
1362 2084 0
3241 -5915 0
1043 -2570 0
-4464 3992 0
3126 -6128 0
5365 -2695 0
-2868 3679 0
-5096 113 0
1733 -3617 0
-2185 -683 0
2672 5007 0
-925 4834 0
-4166 1529 0
3820 -1573 0
1202 -792 0
6663 -6216 0
3767 3618 0
5491 2209 0
3876 271 0
-4158 238 0
3482 -3215 0
-2740 -2319 0
-2063 3339 0
-1131 -5840 0
3929 3871 0
-4439 2502 0
56 6045 0
-6107 166 0
-455 -6807 0
-4431 5520 0
2574 -3205 0
2368 -5272 0
1416 4080 0
6547 -1856 0
-4113 -4239 0
-6024 -793 0
2115 2266 0
5540 6790 0
-3099 337 0
2831 -1285 0
241 -5403 0
2766 -2739 0
4630 -6830 0
3332 -3011 0
2539 -297 0
-3935 2598 0
-719 -6087 0
1973 4663 0
4949 -6645 0
-4546 6772 0
-4968 -3965 0
4809 -6198 0
-4435 -2061 0
6302 4928 0
3260 -355 0
-5107 887 0
-395 -5472 0
3160 4286 0
4599 1060 0
6047 4375 0
5015 -4263 0
4740 1120 0
1804 3888 0
2327 -5867 0
-4354 -3885 0
5809 -6160 0
6981 844 0
-3020 -5674 0
5677 -3884 0
5042 -1844 0
4466 5121 0
2876 -3272 0
-2678 6034 0
-2419 -169 0
-3603 2097 0
3459 3728 0
23 -1938 0
6002 -2385 0
-2726 3851 0
208 -4669 0
6170 2062 0
2181 5971 0
-426 -964 0
-4735 -1275 0
304 5069 0
2588 6523 0
-1000 5568 0
900 -5284 0
-294 -6055 0
5640 1913 0
3459 4234 0
2485 5641 0
-5600 -4579 0
5785 -4743 0
5582 -4471 0
-2933 -4735 0
5510 238 0
3807 -3532 0
-1193 3625 0
-6654 1772 0
-270 2391 0
5360 4699 0
922 5136 0
3513 1514 0
-5236 1548 0
1523 5093 0
-5096 -3988 0
-4953 -3013 0
397 1905 0
-1780 -1299 0
2436 6718 0
-649 -4943 0
-5333 -2773 0
-2557 -2946 0
6852 5995 0
-1702 3311 0
1424 6012 0
282 -1055 0
-5923 1190 0
5344 4731 0
-5950 6583 0
3773 4466 0
-6593 -6192 0
-315 998 0
-5365 3926 0
50 -6653 0
3617 3873 0
-2983 -3736 0
2930 -6421 0
-414 -6188 0
-3544 4964 0
-1564 -5934 0
-1195 -3848 0
-3276 -4809 0
4942 -6136 0
1138 4367 0
-5635 3802 0
-6743 3326 0
-245 5641 0
-1340 3002 0
-548 1070 0
3538 -2992 0
-4612 3791 0
-4162 6583 0
-6197 -2170 0
-1865 1032 0
300 -809 0
587 1611 0
3396 -1902 0
1852 -6784 0
-1746 5420 0
5673 -4201 0
-6430 3378 0
-1046 -2251 0
2633 4278 0
-2589 -5212 0
1671 1780 0
-2456 2640 0
6864 -5611 0
31 1898 0
3899 -6654 0
-5448 4736 0
4244 3314 0
-2981 3417 0
-154 6257 0
1994 -3820 0
3744 5353 0
5524 -362 0
-465 -2317 0
5741 6613 0
-1216 884 0
-5811 115 0
5228 6681 0
-1656 -1360 0
348 723 0
1317 -3755 0
-839 -217 0
1322 -6088 0
5461 -5392 0
-2908 -5157 0
6394 3347 0
-1761 -3313 0
4153 931 0
-4900 491 0
-205 831 0
-2269 -6897 0
2285 1735 0
3802 -5366 0
-6235 6428 0
-5101 1940 0
4354 4172 0
645 -5281 0
-147 6591 0
-4241 -769 0
4769 -6794 0
1143 3853 0
-831 2791 0
-2072 263 0
1250 -2199 0
-6680 5408 0
4469 -5112 0
1581 526 0
2296 2472 0
-5878 4101 0
-4142 -3135 0
6521 -1950 0
-6896 -5192 0
-5598 -6669 0
-231 198 0
3525 -3091 0
-3954 -5130 0
651 -4042 0
538 4564 0
2865 1166 0
-5172 -5155 0
5499 -1264 0
1457 -3631 0
-2585 4793 0
-3409 2606 0
1928 -3091 0
-4920 -5208 0
6206 -5797 0
724 -5912 0
-360 -2050 0
1459 -4813 0
6951 -4855 0
-3929 -1162 0
32 -2968 0
2736 2124 0
4323 -565 0
-2831 3580 0
2468 -1459 0
-6289 -2929 0
4375 6554 0
963 -5172 0
-3959 -3546 0
2295 700 0
-3047 -2013 0
-1795 -1540 0
-2183 -3549 0
2788 3525 0
5912 2782 0
5627 3137 0
2224 -2181 0
-3233 4328 0
-4441 -2564 0
-6953 3331 0
-1188 -1928 0
-2834 -2247 0
6726 -322 0
2105 6760 0
6225 -6104 0
-2915 2066 0
6828 6926 0
-2732 -4230 0
-4958 3237 0
666 2886 0
-104 5123 0
1036 -2514 0
4434 -6640 0
-26 3535 0
-6835 -2930 0
-3135 1557 0
3484 1832 0
-6063 -6993 0
-3845 -3923 0
-4292 5138 0
6923 -777 0
3068 5791 0
4854 -4096 0
-2898 -516 0
5921 1431 0
-1930 -3199 0
-5750 5756 0
5233 -226 0
4804 3090 0
-1918 -1688 0
-5290 6034 0
6553 1452 0
1921 -6019 0
-1174 5086 0
-4950 -1540 0
-3716 -6857 0
-5072 -1119 0
4938 -1779 0
-5021 -6675 0
-6394 6722 0
2925 6022 0
6138 -1048 0
2188 -2056 0
1165 -4620 0
4663 5583 0
217 -258 0
-6722 -1095 0
4828 5250 0
-1919 -5834 0
1453 -2592 0
1665 -969 0
2327 -4020 0
1461 5720 0
-2050 1524 0
6451 -2713 0
6867 2202 0
-1986 5150 0
-5096 -4315 0
-6131 465 0
6103 4377 0
-2679 4218 0
277 -71 0
1009 -2654 0
1854 -1387 0
3315 902 0
-6163 2882 0
-2072 5827 0
4278 -5590 0
4361 4967 0
-1647 6977 0
6903 8 0
3165 -6492 0
4001 1699 0
5306 -563 0
-4443 -3802 0
2779 -612 0
4218 668 0
-1771 4952 0
5668 -5358 0
242 2284 0
-1765 -5152 0
-285 2295 0
-5975 -3482 0
-5164 -4052 0
5378 3737 0
4840 5267 0
-2727 -4990 0
3114 -5803 0
478 -2913 0
-5209 2759 0
3954 5650 0
3985 953 0
-3718 1363 0
-362 2928 0
-6036 6502 0
6222 3471 0
-5979 636 0
365 -264 0
-885 514 0
-5763 -123 0
-2533 4302 0
-3701 557 0
-4806 5069 0
-4566 -1841 0
-3078 -4687 0
381 4292 0
-1644 6590 0
-4132 -6171 0
2379 -6169 0
-3296 4019 0
6911 6859 0
-1708 1907 0
-547 -4367 0
3565 341 0
2370 -4502 0
6873 248 0
-5331 -148 0
-6613 -2047 0
5669 6097 0
6166 4004 0
-2109 5618 0
-6329 -873 0
5264 -3913 0
6450 -1078 0
-6512 -3249 0
-3572 6201 0
-2777 -4520 0
633 1181 0
1340 -198 0
4781 3995 0
4636 -1940 0
-294 -5254 0
2113 -5379 0
3043 -847 0
3175 1337 0
-2968 525 0
-1725 -3626 0
-5303 5324 0
4613 4344 0
-218 -4217 0
-6238 -1458 0
-1552 -5225 0
-918 -5558 0
-646 -1739 0
3525 6103 0
-2504 1760 0
5532 645 0
-2149 2966 0
455 4677 0
2615 2609 0
-5453 4571 0
-964 -6494 0
4604 -1548 0
-6361 50 0
5470 5031 0
4889 -1421 0
514 4183 0
-1925 -6718 0
766 -6665 0
-5388 -3977 0
-4321 -6217 0
-2547 -4941 0
-1547 -4298 0
1167 -3052 0
-5846 2927 0
-637 6900 0
-3205 6437 0
3597 -2653 0
-4832 -2448 0
5439 -4611 0
-376 -243 0
-3871 3339 0
-3769 43 0
6146 5069 0
3373 3042 0
5983 -3017 0
2579 5870 0
5326 1759 0
2967 -4438 0
-4573 -3961 0
-316 -3321 0
-2558 -3844 0
-1227 -4816 0
-2692 1671 0
-1083 3655 0
897 -737 0
4456 2425 0
3791 6293 0
-6672 -1003 0
6275 220 0
1724 1848 0
-1571 -2880 0
-1483 5417 0
1964 -4986 0
3963 -4857 0
-1960 -5469 0
436 -4551 0
5701 5229 0
478 -6465 0
798 -690 0
3712 -6664 0
153 5242 0
2889 -322 0
-4972 -5009 0
1802 -22 0
-2331 -2233 0
5761 6369 0
5611 -5805 0
-678 -213 0
4129 971 0
-5839 1639 0
911 -5423 0
-902 370 0
-5573 -3932 0
-2206 6271 0
-4363 -151 0
-2408 -5807 0
-1791 -650 0
-4559 5300 0
676 4426 0
5035 -504 0
-2899 2518 0
773 5155 0
1431 -1713 0
-425 -2575 0
-6457 -238 0
4009 -600 0
-3432 -5998 0
1548 -5583 0
5439 -996 0
-1589 365 0
3820 4815 0
-2245 -4944 0
3750 -4518 0
2266 5099 0
-4979 2856 0
-156 -2470 0
4022 3548 0
-3811 6869 0
3493 -2697 0
-5960 2862 0
1600 142 0
297 -1185 0
-3487 -2068 0
3978 -4583 0
-3652 6866 0
-542 5597 0
-4391 -6848 0
5298 128 0
-3316 -3909 0
2500 209 0
486 3219 0
-2260 966 0
4417 5403 0
393 -4816 0
1898 -2059 0
710 89 0
1980 -5121 0
6359 -3679 0
-3497 -3298 0
-4225 2872 0
-6123 -1554 0
-4928 -1760 0
-778 3317 0
-2322 3826 0
-2029 -1463 0
2458 4463 0
1589 -1507 0
2347 2733 0
4654 6299 0
5164 5752 0
-1036 -4205 0
-6295 -2042 0
657 3606 0
5265 259 0
-3193 2986 0
6859 5593 0
2966 6717 0
-5016 876 0
-6850 -947 0
2377 -4484 0
1550 -147 0
-2805 358 0
-1327 3540 0
-3759 5024 0
5327 -2557 0
4932 -4008 0
3410 5076 0
1600 -1683 0
6728 1606 0
-3038 1354 0
6386 4705 0
-427 1493 0
6035 -6431 0
-2054 48 0
-1999 -3152 0
-907 4560 0
-5283 2868 0
-6962 -5526 0
3391 -4717 0
-2486 -3953 0
414 -3622 0
2383 5583 0
-4371 4821 0
-5994 -2040 0
-6463 1548 0
-6612 -1693 0
-5589 -6257 0
2151 5199 0
924 -3270 0
-5100 4790 0
1118 -148 0
6747 6146 0
-5646 5909 0
-6440 -582 0
5613 -6247 0
-3079 -3489 0
156 5859 0
-5417 6768 0
-5369 -1487 0
-1979 -5689 0
-6520 -6490 0
2247 1568 0
3500 4124 0
5930 -2817 0
-6663 4307 0
-5256 -4918 0
-810 6178 0
241 -2232 0
-5393 1725 0
2515 -4949 0
2993 1467 0
-5393 -4792 0
-3990 -1866 0
3168 -1655 0
-6451 -957 0
-3018 -4268 0
479 -5187 0
3270 6614 0
3806 6851 0
5237 -2563 0
-490 -3533 0
996 -1084 0
-5091 -949 0
4089 26 0
1918 2083 0
3370 -5212 0
-138 6206 0
5132 -3364 0
-112 2837 0
2026 -5875 0
-1902 285 0
-5126 4303 0
6300 -4091 0
-2627 2866 0
-3920 5862 0
-5189 592 0
5774 -6367 0
-6189 -6979 0
-1119 -4763 0
1385 1606 0
-4365 4498 0
6014 -2396 0
-5692 658 0
3128 381 0
4832 2543 0
2873 -6532 0
1163 -5590 0
-6216 -4870 0
-2478 4326 0
-1239 6054 0
-3346 3920 0
-2309 -4699 0
-2041 2276 0
-238 3532 0
-1162 -1475 0
6250 -6141 0
-3971 -1786 0
815 6533 0
-6143 -6721 0
-4159 5537 0
-4788 3506 0
459 -5351 0
819 -1238 0
-5767 4802 0
106 3 0
4589 -6504 0
1686 -3355 0
-1666 518 0
-4017 -2085 0
-6454 -6993 0
4110 -5376 0
4893 1419 0
1427 1055 0
-2482 -4794 0
215 42 0
2425 6887 0
-1926 -6305 0
-555 4570 0
-5453 -5010 0
-6193 -5636 0
6014 -4703 0
521 -5211 0
-6020 904 0
6810 4796 0
6687 -6125 0
1912 810 0
6318 -6772 0
-566 3342 0
1398 -6426 0
-2607 -6106 0
-5033 -823 0
3123 -6505 0
4261 3554 0
-5474 6492 0
5966 4453 0
3881 -3300 0
3280 -6391 0
6757 2431 0
51 1210 0
2616 1791 0
-775 5940 0
-806 3107 0
6036 -2816 0
6092 2328 0
-6030 -5587 0
-4754 -992 0
-4359 -4189 0
3069 -5238 0
6072 -3542 0
-1417 -2623 0
2431 3361 0
-4286 1661 0
816 4526 0
1988 -3389 0
-384 2163 0
-4702 1305 0
-4889 -6543 0
4940 -3060 0
3925 -6171 0
4296 -4900 0
-1994 4878 0
-1178 -3955 0
-4607 -2410 0
1365 -2534 0
-5879 -5682 0
257 453 0
-673 5635 0
-78 -6613 0
5849 2625 0
-414 821 0
-2264 -2327 0
5210 -3789 0
-6642 6511 0
2237 2097 0
4306 5144 0
3589 -4147 0
125 2390 0
5128 -4091 0
6930 597 0
4715 6110 0
1828 -5412 0
4558 -4261 0
-3280 -3168 0
5899 2676 0
4534 2383 0
3163 1414 0
-5502 -6477 0
-5230 2239 0
-3116 6855 0
3594 3008 0
-3148 -1689 0
-4612 5984 0
3448 5513 0
-103 4802 0
4890 -1847 0
-3515 561 0
4626 -342 0
5946 -3083 0
-5191 3902 0
-6481 -217 0
862 -559 0
-6355 6351 0
18 -3994 0
6905 1706 0
5638 -2039 0
2077 4836 0
3803 6284 0
-222 -2375 0
-5568 -3247 0
5588 6123 0
-4732 -1154 0
-2095 -1983 0
1069 1053 0
-2973 2717 0
643 -6413 0
-6085 -4260 0
3926 -3259 0
-3535 -2461 0
4889 2180 0
-2145 -3890 0
-2639 -153 0
-2507 6376 0
-4772 -6697 0
4550 1649 0
-4367 4527 0
1880 -3638 0
-5146 -871 0
3053 6497 0
4911 -2736 0
6385 4447 0
3796 -1087 0
4286 5652 0
-2590 1201 0
-4433 1086 0
1171 -1196 0
-4004 -2426 0
6481 5959 0
-2715 735 0
-1865 -5344 0
3978 -6546 0
1207 -6266 0
6872 -2134 0
-1228 2533 0
800 3598 0
2616 4726 0
6264 -6886 0
-5962 2052 0
-6445 3408 0
-2424 5842 0
6015 -2779 0
1795 678 0
-1023 5810 0
-637 -399 0
4048 4465 0
5835 -4900 0
-6888 6873 0
-2972 6796 0
2463 -5144 0
3592 -582 0
-5600 -2350 0
-4778 -4331 0
-3355 1286 0
-5051 -6452 0
4007 751 0
129 4578 0
5340 -4138 0
5918 -6965 0
5429 -6072 0
-2474 3827 0
3623 -4210 0
-3574 -4989 0
-4707 -1968 0
3998 -2884 0
4250 -4899 0
2955 4628 0
-1310 4200 0
-3723 1676 0
-3658 -5043 0
6911 -3167 0
1377 2513 0
-1868 238 0
-1818 -3014 0
6482 -329 0
1597 -1320 0
-2031 5759 0
6085 4201 0
1087 3989 0
3522 6746 0
5341 -920 0
6203 6480 0
867 -5959 0
-1171 -1270 0
-1846 1309 0
-4465 -1449 0
-5713 749 0
-2209 -3345 0
-5970 3043 0
2354 -261 0
-4599 -5066 0
-3853 629 0
3306 160 0
-6932 6866 0
-3927 6509 0
4628 1058 0
5117 542 0
2828 -5240 0
-1158 4278 0
5510 -5212 0
6629 2831 0
4304 1942 0
-5227 -4316 0
-6317 3718 0
21 -4499 0
865 1338 0
-2799 -3834 0
4186 4779 0
6091 -898 0
-4903 1454 0
4857 6863 0
5931 -2870 0
1838 4185 0
-5480 -5053 0
816 -4177 0
3882 5940 0
-3272 3718 0
5714 -6322 0
663 -3615 0
4538 2157 0
6310 -4081 0
1755 5449 0
6942 1443 0
-2150 2697 0
1515 -6709 0
3406 -1767 0
4171 5863 0
6184 3706 0
4011 -3574 0
3450 5215 0
-2440 1420 0
-2769 1119 0
136 -1713 0
2390 -2225 0
6391 2916 0
862 -3281 0
4090 -6837 0
-5169 4328 0
-2399 4151 0
4538 3323 0
674 -4823 0
6817 -6920 0
-1532 4082 0
-6139 787 0
-4465 -1360 0
-6668 4963 0
1589 940 0
-3813 5510 0
-3235 -664 0
1418 5051 0
1373 -4620 0
-275 3724 0
-1768 3626 0
-6860 3959 0
1141 -528 0
902 -5675 0
-595 -5460 0
924 -3696 0
-4375 4590 0
5498 -4110 0
5649 -1473 0
1276 5625 0
4431 -6872 0
-5259 -4055 0
-5831 6672 0
-1555 -2092 0
-4481 1614 0
-6465 -2516 0
4087 -6347 0
1447 -1569 0
-3679 4312 0
6971 6870 0
1070 -4305 0
2514 6237 0
-4165 -2157 0
-4620 -2791 0
-4890 -6518 0
6989 293 0
-5342 2038 0
6832 2856 0
-6802 -6328 0
920 -6666 0
-2335 5754 0
-2981 -3522 0
565 4001 0
6604 4472 0
-5054 1116 0
-5588 -5809 0
276 -412 0
-527 -2658 0
5440 1242 0
-3795 455 0
4534 1256 0
3230 -116 0
1007 3914 0
2880 -2678 0
-3319 -5076 0
-4389 183 0
5780 -2029 0
4223 -4102 0
-3073 -5361 0
-5570 2302 0
1255 -5622 0
5884 -6899 0
-980 -2341 0
5690 -5308 0
3226 -6373 0
6545 4136 0
5257 6244 0
724 -1793 0
-4258 3390 0
2232 5422 0
-1621 -5674 0
-6920 -5902 0
-1162 4478 0
-4834 -3505 0
1334 -1925 0
6389 2357 0
-4990 6466 0
-2518 -3839 0
-808 -3313 0
1981 2849 0
91 -6602 0
6760 401 0
1420 3595 0
1702 -2075 0
5874 -173 0
-4567 4938 0
-5947 4397 0
-6366 622 0
-3365 -2643 0
960 -1104 0
3180 -5483 0
-6162 5992 0
-378 -6827 0
6052 3885 0
2997 -3127 0
6308 -5342 0
-186 476 0
3336 4552 0
1410 4328 0
-6077 6652 0
2569 4244 0
4507 4611 0
-3081 2632 0
-3538 -5116 0
-6809 6367 0
4251 -2241 0
-6075 -6473 0
1516 -4062 0
5487 2085 0
4306 -2628 0
6376 -2437 0
6341 -4527 0
-5999 5480 0
3405 -3786 0
-3559 -2535 0
4872 -2880 0
1899 5601 0
1171 -46 0
3870 -6199 0
829 4462 0
1239 3393 0
3727 5227 0
5161 -3861 0
2536 5238 0
-5227 -4757 0
-6917 1391 0
-557 1907 0
3635 -6046 0
4345 38 0
3260 -637 0
1909 -2283 0
-3816 854 0
5837 -3162 0
-3947 -5596 0
1116 1999 0
5506 442 0
-116 -5401 0
-1916 -1027 0
5517 3050 0
-578 -2107 0
1965 -5695 0
2270 5540 0
-6323 4278 0
3553 -2655 0
3277 3800 0
-270 -5406 0
2243 -5875 0
4208 6256 0
-4541 -2923 0
-2052 -5900 0
-6058 -416 0
-2365 3095 0
-5603 -6736 0
-2242 5209 0
-1498 -4298 0
-6856 -3476 0
-4584 -2941 0
-3358 6531 0
2600 -344 0
-3046 5005 0
-2156 431 0
4578 1104 0
26 5155 0
5970 -676 0
-6926 -6033 0
-3920 -3173 0
-2456 4237 0
173 -98 0
-480 7 0
-1539 -4176 0
-3016 -5680 0
-259 -6335 0
-2959 6079 0
-312 -1371 0
-2179 2771 0
433 -2714 0
-5301 6357 0
-552 -1199 0
6210 4412 0
-2897 -5241 0
5611 -4112 0
3985 -6111 0
-5768 1010 0
-4230 -4607 0
-5872 5592 0
3862 1612 0
-5385 -4384 0
-6594 5066 0
6886 6253 0
-4413 3246 0
4385 5007 0
2185 -1037 0
6016 4103 0
840 3757 0
458 -471 0
-3293 5426 0
5321 -6050 0
-1542 4701 0
-4820 -5029 0
-2401 892 0
-2485 -5146 0
-3258 2321 0
-1639 4482 0
-6333 4443 0
-744 4347 0
-85 -5050 0
2679 -6892 0
2118 -2570 0
-4842 -6796 0
-4026 6937 0
2551 6693 0
5355 3765 0
-3061 461 0
-1920 4628 0
-119 1804 0
2476 -1321 0
-48 2335 0
1667 4823 0
-5906 3479 0
202 -5934 0
-5888 2341 0
2312 5169 0
1680 6072 0
-1011 4916 0
1955 5393 0
-1210 -1567 0
4301 4338 0
-4584 4244 0
3400 -4853 0
-1002 1920 0
-1184 -128 0
-5604 -4065 0
-6087 5095 0
-6343 -2166 0
5584 -1398 0
3717 2324 0
-2863 -1565 0
-3930 -6429 0
3532 3211 0
-6606 -3702 0
4636 -6871 0
-4362 -6911 0
-2997 -768 0
-5565 -2789 0
-4317 -2485 0
1897 -378 0
-6005 -386 0
-3651 2163 0
-2127 -2533 0
-4839 -5465 0
-1470 3835 0
2592 -4721 0
-761 453 0
-574 1708 0
-5046 4704 0
-6130 3873 0
-1992 3205 0
1233 799 0
-3956 578 0
6661 6354 0
554 4155 0
1876 1618 0
5245 -3370 0
-6300 -4505 0
-1676 6302 0
2935 -5094 0
-5455 768 0
4698 5094 0
1019 4212 0
-3373 -665 0
-744 2515 0
6091 -3045 0
4898 -2771 0
69 -3541 0
2978 -2519 0
-3889 4462 0
-1866 -567 0
-3334 -316 0
-1135 6689 0
5539 -4760 0
6329 -564 0
-4825 -455 0
-1354 2913 0
2847 594 0
-2743 3583 0
850 -4834 0
-6380 -3619 0
-1570 -3575 0
-4245 -1111 0
-6326 5041 0
-2517 -6243 0
1619 5750 0
-5984 893 0
-1425 -2618 0
6660 -3997 0
4211 -5336 0
-3899 5529 0
2292 7 0
1195 6809 0
5961 -439 0
-1828 887 0
-3842 -5629 0
1570 -4135 0
-6067 -1658 0
-3833 -5220 0
2266 3423 0
-789 -3855 0
803 -4903 0
318 -1608 0
3848 -2517 0
-1022 5212 0
4274 -1742 0
3721 3183 0
-6099 6698 0
-1006 833 0
6831 -3918 0
4126 6056 0
5433 -578 0
-1510 3346 0
-5721 -4889 0
5832 -735 0
-5409 -1453 0
5513 -269 0
-2989 2719 0
-344 -92 0
2347 -3029 0
5892 -3839 0
2553 1975 0
6536 6767 0
-4739 1387 0
6505 -2769 0
4552 4733 0
-4482 -2185 0
787 -3475 0
6056 -3862 0
933 -2489 0
-6450 -1095 0
-5328 4124 0
-6996 267 0
3750 2406 0
-3674 5956 0
4775 -3683 0
-6875 6509 0
3678 -4632 0
5862 263 0
5445 -3419 0
-4846 2913 0
6624 6396 0
6394 5195 0
-6006 604 0
-619 4460 0
3318 723 0
524 191 0
-1586 -5318 0
6989 -614 0
873 -1321 0
1708 1401 0
-2457 -6965 0
3639 4159 0
2074 -1292 0
1670 -2515 0
-1860 -11 0
3719 -810 0
4976 569 0
-4820 88 0
5494 -2601 0
-1987 -5528 0
5349 2609 0
5471 -63 0
-741 -740 0
-6022 6382 0
4123 3537 0
4886 2199 0
6679 -2170 0
-6423 4924 0
-4563 4110 0
-5162 -2106 0
-4945 -6880 0
-3427 -5014 0
2472 4925 0
1963 -4391 0
-2889 -1208 0
-2501 401 0
-3368 -5825 0
2113 -901 0
-3120 -2095 0
-120 2291 0
6222 -5379 0
-4902 -1225 0
-6699 5784 0
-5609 -3126 0
-2131 1460 0
-4766 -2454 0
474 -5422 0
-1916 6014 0
4882 1994 0
-403 -6537 0
6405 -4606 0
-1814 -303 0
6614 -823 0
-5066 4105 0
-6325 4274 0
-5213 -943 0
-2976 305 0
-4390 200 0
3497 25 0
-4051 -2999 0
322 -6532 0
-3920 3922 0
-5777 -3359 0
1353 -1051 0
4498 2520 0
-3262 -6583 0
4702 -6101 0
1045 -4738 0
-3232 5457 0
5143 -6917 0
3653 -6453 0
6362 1755 0
1190 5651 0
1995 -159 0
-3013 -2606 0
5975 -712 0
3618 -36 0
3085 -2168 0
-1609 1642 0
-935 -102 0
493 2054 0
-2535 722 0
6088 5809 0
2295 6603 0
5380 -428 0
6042 6861 0
-5064 -4200 0
-4294 4613 0
-1435 777 0
3495 -4770 0
5423 2433 0
-5056 -161 0
-5550 -2357 0
-3532 -3954 0
-5686 -4729 0
2329 -4453 0
4694 2160 0
54 -704 0
-6928 6892 0
464 -3542 0
578 6894 0
2787 -1004 0
3611 -1190 0
-1264 2087 0
-6626 -1514 0
4942 -603 0
-4776 -1776 0
-3540 -1657 0
-3707 1406 0
-93 -691 0
-6792 2146 0
6607 6800 0
5374 -3784 0
-2622 1914 0
-580 716 0
6826 -6794 0
6902 5166 0
4743 547 0
2183 5082 0
-4347 -4726 0
-522 -1097 0
-1972 -3860 0
-1142 3586 0
-1642 -2319 0
4594 6484 0
696 178 0
-2068 -3328 0
-5333 -4824 0
-3005 -404 0
1027 -5920 0
6195 4272 0
-4463 2907 0
2334 -477 0
-268 -1535 0
-957 3940 0
6461 -6043 0
-884 2364 0
4884 -5176 0
4995 -5330 0
-4274 985 0
-4511 -2842 0
-3004 -6989 0
383 6000 0
3532 -5780 0
-3951 -4311 0
3099 2790 0
-4435 3712 0
3533 6809 0
3899 3856 0
6558 -3875 0
3512 -5594 0
-5330 -6162 0
-646 -1867 0
2300 -5163 0
-3635 -1729 0
-3936 3790 0
-4962 -6890 0
-2334 2469 0
-310 -5312 0
1613 6036 0
6581 -3671 0
2423 2658 0
-1003 -5921 0
-6633 5272 0
-115 -5287 0
351 -366 0
-6872 -5549 0
-2624 4010 0
-2189 3859 0
1477 -2856 0
3907 -4759 0
143 -6757 0
5575 6608 0
-5893 270 0
-6493 2238 0
855 -5449 0
4902 3544 0
-2051 -4813 0
-1603 -6296 0
-1456 5541 0
4944 6159 0
-5471 1762 0
865 365 0
-2044 -6857 0
5581 1571 0
-801 -2424 0
-5557 -2475 0
-2922 -4559 0
1071 -4823 0
4869 5577 0
-792 -1612 0
-1506 5411 0
4713 469 0
165 -4822 0
-3809 3607 0
-321 3339 0
-620 -638 0
-3621 936 0
-5232 586 0
1593 -3189 0
3140 -6715 0
-3498 1984 0
-6751 407 0
-1273 3869 0
-3664 2923 0
396 1006 0
-6516 834 0
-2458 -6102 0
3699 276 0
1037 -1218 0
910 -1857 0
5845 -1747 0
-3852 -2074 0
-4375 -2794 0
-4390 285 0
-4433 3308 0
3027 24 0
4058 332 0
561 5145 0
4606 -4456 0
123 2103 0
-5043 6381 0
-1981 -2462 0
-3436 -3932 0
-6901 -1648 0
2958 2417 0
-6378 5666 0
1604 2922 0
5135 -2765 0
732 -2850 0
-585 2588 0
-538 3212 0
-2060 2809 0
-2892 6639 0
-1544 6033 0
5367 -302 0
284 -4748 0
291 458 0
5693 -2111 0
-6436 3889 0
1219 -6825 0
-1459 -898 0
4075 1768 0
-4037 2247 0
-4401 -5666 0
1442 -4457 0
5361 -4207 0
-4703 -4320 0
716 464 0
-5863 5694 0
3204 -5040 0
-3708 -2117 0
-3520 -2769 0
134 -6507 0
-1908 -5675 0
2992 -475 0
-6537 291 0
-864 6805 0
-537 3425 0
-4758 108 0
-25 4908 0
2542 54 0
-171 -3464 0
-6339 4240 0
-5446 -2056 0
-4968 6593 0
1638 -5429 0
-1090 2928 0
-1999 -6586 0
371 -4532 0
-1659 5258 0
-314 -3828 0
5537 2980 0
632 3434 0
3963 3647 0
-4210 -2816 0
-288 -2929 0
-3571 6849 0
6801 222 0
-1439 5099 0
6085 -2491 0
5971 1075 0
-1951 3083 0
-687 -1108 0
-1847 6318 0
2961 5149 0
-5153 -2958 0
-5281 4501 0
-3326 5259 0
-5187 3162 0
3590 6047 0
-984 -4872 0
-989 -1172 0
6473 3893 0
-1121 -6436 0
-3052 2573 0
-673 -3810 0
-4782 -5083 0
4417 3522 0
-3979 -2649 0
5134 1565 0
6239 5940 0
4046 -2165 0
-6945 1020 0
-2414 -5621 0
4368 3649 0
-6932 3890 0
5445 -2524 0
1810 -6593 0
-2683 2614 0
4937 3448 0
1459 6164 0
-6150 -5788 0
-7 5083 0
-5694 -2200 0
2138 -2864 0
-4002 -5999 0
-2391 -745 0
-104 -2562 0
-6027 3924 0
-1500 -3289 0
1818 2816 0
-4550 -4113 0
3903 -56 0
-1717 -1865 0
-43 1039 0
-4921 5331 0
6066 1844 0
-1331 -4928 0
2799 -3600 0
6792 -5892 0
1646 6009 0
-6492 -3177 0
4424 5385 0
4201 -6444 0
3488 -2566 0
3412 2204 0
4236 2201 0
3210 6209 0
3320 1289 0
-5783 1490 0
4010 6016 0
4670 5824 0
2801 -2995 0
-2421 564 0
649 6351 0
5318 -5878 0
2501 -6929 0
-6159 2933 0
-4005 1687 0
3288 -1045 0
2596 -3726 0
-1828 5801 0
289 6717 0
-3587 3142 0
-6277 1568 0
5078 -4789 0
-188 -5210 0
5203 -4760 0
3815 -6801 0
118 -5422 0
6177 6264 0
1334 3042 0
6428 4067 0
-5514 -4478 0
310 2877 0
3427 -2230 0
240 4643 0
-5639 6649 0
-893 -2764 0
-4624 -1869 0
1569 -3231 0
-6591 -5564 0
5157 -6957 0
6331 -6962 0
855 -1058 0
6347 -1629 0
4744 5384 0
4885 -4561 0
-3135 1538 0
-1590 6620 0
-4199 6333 0
-5439 -1431 0
-1849 -3716 0
-502 4996 0
2571 5374 0
-4352 6193 0
-2435 1836 0
137 -4637 0
-267 1655 0
-5717 -1311 0
2723 2334 0
1309 -5419 0
174 -6749 0
-4794 -855 0
4644 5932 0
3755 -1873 0
3507 378 0
6449 4275 0
-2095 -5687 0
-1402 -2461 0
3568 525 0
3377 4149 0
6083 4331 0
607 -5466 0
-837 6095 0
-1008 -2136 0
2625 -6105 0
-4808 4466 0
-2131 -6498 0
4715 5235 0
-1791 5284 0
4517 5366 0
-332 -2013 0
1185 3858 0
-572 -6096 0
5206 2842 0
-3448 970 0
4912 -209 0
-2081 2832 0
-5934 6948 0
-3574 570 0
-3415 1270 0
-6078 -4162 0
-1438 2409 0
2206 -5750 0
-5551 655 0
6905 -2046 0
-4572 -6280 0
-5600 6864 0
-6082 6902 0
4751 2248 0
-2995 -1561 0
1289 3591 0
-1273 1080 0
-4202 2934 0
-1185 3941 0
-759 -1648 0
-3494 3265 0
-3466 4369 0
1176 2021 0
5464 3211 0
-6349 -4349 0
-2502 -6555 0
4403 -1280 0
-3627 5345 0
-357 -6504 0
-5019 -1250 0
-43 -6176 0
-6482 1077 0
-3729 -3808 0
5523 -5818 0
4091 4851 0
-2102 2490 0
-3577 1732 0
-4066 -6085 0
576 -1447 0
3469 2315 0
-1964 -5608 0
6564 -4868 0
-299 -4527 0
2236 -6497 0
-6312 1953 0
-3556 824 0
-1436 -5912 0
2721 -2996 0
-1440 -5494 0
4444 -494 0
2805 -4282 0
3700 -1989 0
-2051 1535 0
1706 -1349 0
-211 2110 0
-3091 -6133 0
-849 -5380 0
2810 -1406 0
4250 1087 0
-4050 4734 0
-3813 -217 0
2940 -6150 0
-3267 -3107 0
-478 -2341 0
2518 -450 0
-6824 -5718 0
-1900 -657 0
-1552 397 0
1620 3798 0
6472 -5376 0
-6662 2271 0
911 -596 0
-332 1846 0
3610 -6165 0
-99 -4487 0
5389 3942 0
-2907 3262 0
512 -5356 0
-3230 2237 0
-6874 6073 0
3317 2883 0
151 -207 0
-4876 -2979 0
-4510 1649 0
3957 -653 0
-5124 -1058 0
2298 761 0
-6179 -1614 0
5538 4056 0
-2078 3970 0
-6222 -4739 0
-5045 2030 0
-3922 -2954 0
-3811 5551 0
4961 5542 0
-4261 6507 0
2062 -1102 0
-1876 -432 0
4483 -623 0
1792 1927 0
-2921 -745 0
-6598 -3451 0
3645 -6426 0
905 -6610 0
-2809 -2758 0
-6599 4706 0
-5620 4096 0
4237 3865 0
5236 4196 0
2158 2522 0
-6074 -5269 0
6626 -1163 0
-1157 3573 0
-2831 2278 0
-2306 -4975 0
-3454 -2291 0
-706 3769 0
5125 -4613 0
-1292 -2175 0
585 -6069 0
-870 -5470 0
1378 6050 0
-510 -1105 0
5490 5047 0
1572 -6001 0
-5523 -3426 0
2757 4794 0
5964 -6887 0
6712 -4613 0
-6543 -4606 0
-3756 2772 0
-1777 -855 0
3305 4402 0
-5000 -4680 0
-4476 6390 0
836 4887 0
-4342 3222 0
-1509 4247 0
-5432 518 0
-4251 6472 0
-948 1432 0
12 -5252 0
-1694 -5673 0
3402 -5942 0
-6908 4800 0
-5406 2678 0
4553 2573 0
3342 847 0
-1618 -3809 0
1586 -1359 0
6331 2578 0
-385 5972 0
-6969 -168 0
18 -5526 0
-6677 5630 0
-6839 1664 0
2112 -5424 0
-2057 1461 0
-1758 -563 0
2157 5153 0
-4915 -4482 0
-3039 2635 0
2912 -951 0
-1686 -4007 0
5599 -1297 0
-111 -4294 0
-5133 4524 0
-6683 5428 0
-1310 5235 0
-780 5711 0
4748 -93 0
2736 1851 0
-681 1793 0
745 284 0
-3683 3495 0
1261 144 0
2233 -4317 0
-563 -5642 0
2052 4143 0
3995 6591 0
5706 2039 0
131 -5366 0
325 4359 0
730 -5697 0
-441 -4774 0
-3525 3961 0
3801 -322 0
495 2746 0
-2852 4334 0
5773 -3433 0
5370 -3423 0
2353 6972 0
-3590 -1764 0
-4179 -3453 0
1115 1085 0
1269 -3070 0
-5410 3581 0
-1835 1459 0
-4666 -3628 0
5852 -1485 0
-1996 -4657 0
2851 3134 0
1488 -3126 0
4828 -2597 0
6703 -1806 0
3949 4638 0
-1568 -5027 0
788 -2147 0
4941 -1264 0
6030 1196 0
-6409 -6339 0
3789 -6574 0
1805 -5997 0
-5199 1770 0
5181 3019 0
-854 2614 0
1582 3456 0
-1006 789 0
-2169 1614 0
-5493 5339 0
6513 2458 0
1116 -4587 0
4365 -3283 0
457 -3499 0
-1415 -6026 0
-5917 -6576 0
107 -1434 0
-1237 -5865 0
2303 -3493 0
-2605 -5144 0
-6920 -2576 0
-5348 -5613 0
3608 2377 0
-6689 3731 0
4799 2992 0
-6212 5325 0
-1000 -661 0
-4215 -1433 0
6596 -1596 0
5446 -4302 0
4006 -6292 0
-1002 1759 0
-3365 4863 0
-4647 -6042 0
-4262 6883 0
-607 -4216 0
-5822 292 0
4357 -1640 0
1461 -6985 0
-2664 2193 0
5159 -1368 0
782 1608 0
1965 650 0
5259 180 0
-5203 4552 0
1425 5447 0
-1159 -3379 0
6508 -6730 0
-4996 -3357 0
-1931 -3937 0
5326 -6841 0
5986 6643 0
-2748 -6989 0
-4791 4440 0
2884 4476 0
-5661 -3929 0
-4647 6687 0
-3046 2899 0
2338 3371 0
5609 2760 0
5480 -784 0
-3095 -3434 0
2223 3719 0
-1482 -343 0
1356 4996 0
-3561 -1410 0
-4669 -5750 0
-3710 -5014 0
-3528 -5660 0
-658 -3483 0
-1769 6328 0
6499 500 0
-6203 3323 0
5185 2216 0
-5062 -91 0
-2353 5447 0
-1255 -5309 0
287 2621 0
-4451 1749 0
-2274 2770 0
-6454 -4155 0
-4648 -6012 0
-4366 6196 0
248 2517 0
-5506 5513 0
2066 -3894 0
-1308 6851 0
-284 6554 0
5548 3363 0
5369 4561 0
-6752 2855 0
-799 5704 0
2026 -4746 0
4926 6144 0
4408 755 0
-3598 -4085 0
608 -4100 0
-4036 1047 0
4540 -5680 0
-6546 -4437 0
-2565 837 0
-6777 -2504 0
-4079 2267 0
4511 -6532 0
3557 -6246 0
2112 -1610 0
6317 2137 0
6661 4243 0
2908 4604 0
-1667 3592 0
-1844 -4694 0
-627 -5804 0
557 1966 0
-6086 6657 0
-1223 3576 0
-4892 2692 0
-1684 4907 0
-4885 1351 0
-2846 3777 0
-6121 -3994 0
-6418 1378 0
-581 3997 0
-6227 -2033 0
-2896 3144 0
-645 887 0
2503 4158 0
-1283 4029 0
5125 -2317 0
-6666 4009 0
2612 2643 0
-4505 -2709 0
-4929 3687 0
245 -3807 0
5633 -3096 0
6865 3223 0
-6557 -812 0
-4034 -6268 0
-4927 -2427 0
3339 1156 0
-770 -2622 0
-3298 569 0
-40 3590 0
2364 -897 0
2539 -4836 0
6522 -2434 0
-156 -1423 0
-6001 -630 0
-1461 6191 0
-1941 5328 0
-3643 -4526 0
5789 5960 0
362 -3823 0
-3825 6952 0
-153 3804 0
-3861 -5723 0
-928 726 0
1938 1906 0
-2103 -3300 0
5400 433 0
2326 -1639 0
-2125 5484 0
-2225 2280 0
-578 -217 0
3314 -1846 0
-3591 -1681 0
6985 1987 0
1926 3281 0
692 -1540 0
-5088 -4479 0
-4811 2771 0
4295 4812 0
-3964 6327 0
328 -5894 0
5641 1729 0
4351 4291 0
4775 -64 0
-2734 4294 0
3506 -2393 0
-4834 -234 0
-3534 6927 0
4514 584 0
-6895 1340 0
-894 2503 0
5047 -337 0
-1739 -4808 0
-2951 2158 0
-464 6941 0
3651 5266 0
6848 4130 0
-2246 3762 0
3370 -485 0
-4303 -4642 0
-4489 -3360 0
4206 -3266 0
-2434 4124 0
-4161 209 0
6560 4560 0
-5784 -6307 0
-5538 4078 0
5774 4985 0
6871 -5172 0
-6534 3974 0
6366 -2842 0
-4117 6312 0
-3087 651 0
-4761 -1022 0
-1811 -2984 0
1768 4839 0
-5447 4420 0
5411 -82 0
1704 654 0
-657 -4512 0
-6919 -4381 0
-2478 6410 0
3044 3086 0
-3258 -2673 0
6612 -6493 0
-2880 2261 0
4558 5827 0
-6582 -1525 0
6310 4257 0
-1200 -5714 0
-2280 -1914 0
-2982 2703 0
-2619 -2294 0
-2747 -4716 0
4346 -3163 0
-6792 -6158 0
382 -4537 0
-5241 -5545 0
-992 -1260 0
-4760 -5438 0
-3234 2611 0
6942 3844 0
4265 6478 0
3097 5227 0
3442 3934 0
-591 533 0
-5776 7000 0
1089 3574 0
2807 2086 0
-5441 -5979 0
2447 117 0
5093 5140 0
5955 -3173 0
-1212 5764 0
-228 1829 0
2700 478 0
-1487 -5789 0
2804 4660 0
-1507 -5954 0
-6426 475 0
4289 -3912 0
725 -545 0
568 -3509 0
5222 1131 0
5069 -4333 0
270 -4298 0
-2875 3456 0
1052 1516 0
2997 2029 0
-2802 1698 0
-4589 3812 0
-1925 1122 0
-3444 3129 0
395 -6359 0
2029 4468 0
1133 -1985 0
6844 -2555 0
6775 -6214 0
-2202 -1209 0
6027 -5760 0
-6894 5835 0
-5181 1656 0
-4540 -577 0
1875 3154 0
-2889 -360 0
4118 -378 0
954 -4170 0
6075 2217 0
1437 -1207 0
6162 6875 0
-6094 4054 0
3087 686 0
6824 4760 0
828 3791 0
-5472 12 0
1777 6595 0
-6803 5720 0
-4680 3184 0
3008 -5705 0
3779 195 0
-6840 -4084 0
6167 -3700 0
4896 5922 0
-1050 202 0
-6093 -3797 0
-2130 1833 0
615 -4709 0
-4070 -1412 0
2348 -6983 0
-6546 988 0
2665 -868 0
3451 -1072 0
4127 -6234 0
3587 174 0
1508 6287 0
6252 -4157 0
5907 6833 0
-2143 5415 0
-6922 3746 0
-1737 -6392 0
-1448 1044 0
1182 4008 0
-4994 679 0
-3800 377 0
-2103 1584 0
2007 1389 0
-6141 5429 0
1279 1200 0
5888 -5954 0
-3466 3876 0
1462 -5914 0
-152 -1450 0
4600 -6306 0
3648 -5286 0
5910 -2171 0
6494 1650 0
1566 -4372 0
1777 1554 0
-3753 3122 0
-1737 -2519 0
-6837 -2697 0
4379 240 0
2820 6754 0
1089 4033 0
4641 200 0
-5452 446 0
3703 1733 0
5019 -6652 0
5680 541 0
-74 5826 0
2296 -4490 0
590 -2244 0
-1814 5346 0
-3446 -6744 0
2950 6254 0
-4130 -644 0
-545 3655 0
1646 1379 0
3192 6094 0
5742 6850 0
-34 -6590 0
5595 3069 0
4049 3501 0
-1131 1063 0
4578 3286 0
-1834 183 0
-3936 1451 0
-5070 -3492 0
-1744 336 0
-3495 -1269 0
876 -5912 0
-4258 -6142 0
5310 -1954 0
4612 6911 0
1327 -3841 0
1247 -337 0
6009 363 0
1483 4504 0
-1219 -4279 0
-2021 -2629 0
6602 -1865 0
-2466 -6643 0
-4029 2017 0
-591 -4451 0
3827 -2389 0
-3341 1084 0
-2358 3300 0
6665 3845 0
-408 2069 0
-6000 2689 0
6116 -3678 0
4992 -5514 0
6605 150 0
5266 -5284 0
-6462 -6111 0
6997 2602 0
-5175 6823 0
-1801 -2740 0
-4733 2549 0
-69 -2281 0
1628 671 0
1633 -510 0
4961 2185 0
4978 6776 0
-3031 5259 0
-5623 -450 0
2954 -3928 0
4710 -4056 0
3628 -5985 0
939 -27 0
3112 2130 0
2712 -6622 0
4730 3572 0
-1165 -5279 0
4209 971 0
-4276 -1640 0
-6381 -5023 0
-1511 -4437 0
3281 -5232 0
3025 195 0
3301 3498 0
6482 5713 0
1810 -296 0
6886 -5174 0
-6676 5988 0
-6100 -5759 0
6739 -5421 0
-4079 -1393 0
-6133 -5210 0
2090 -6833 0
3841 -1420 0
3412 6258 0
-4589 -2494 0
-653 6415 0
-301 -3266 0
4343 -1752 0
6832 -5825 0
4592 -1044 0
1814 -2981 0
2066 857 0
-5211 5518 0
3793 -6038 0
1220 5475 0
-1167 -2880 0
6139 719 0
2083 1491 0
-2765 6037 0
6107 4027 0
-589 6332 0
2850 2827 0
-744 3457 0
-1887 -1675 0
-451 -3892 0
802 -5041 0
-1065 -45 0
-4773 4061 0
2944 -3373 0
2799 1167 0
2021 5645 0
-5177 -3407 0
-4623 -2388 0
-5527 2450 0
-2264 2599 0
6864 1566 0
2106 -187 0
-206 296 0
639 -6407 0
1106 -6549 0
6479 -6099 0
-6717 1005 0
-2053 -858 0
731 5245 0
1969 976 0
-5402 1289 0
-3003 2375 0
-1848 -4267 0
5619 1969 0
-2880 5446 0
-1946 -827 0
-5951 -1826 0
744 6619 0
6380 817 0
-1823 -2218 0
6360 2873 0
3949 -6780 0
-3104 -4049 0
-1398 5709 0
-4778 5155 0
-1906 -6157 0
6829 -6325 0
1499 4795 0
-6751 3446 0
2258 -5721 0
541 -4801 0
-6605 4225 0
-6333 -273 0
-2073 -6509 0
-5402 -4091 0
-1362 2016 0
4967 4983 0
-4315 5496 0
677 4901 0
-3454 2149 0
-378 1213 0
-6964 -4383 0
-5170 -6197 0
5027 -688 0
-4488 4924 0
5623 351 0
-2435 -1748 0
-1569 -3841 0
3337 5595 0
-2764 1392 0
-4665 -1481 0
-2059 2697 0
3406 316 0
54 -1805 0
-5566 1039 0
-4290 295 0
6248 -4712 0
5066 -5044 0
6790 4147 0
-1155 -942 0
-2760 -4378 0
-465 6505 0
6317 -2558 0
3866 4192 0
-1043 3307 0
-5940 -5328 0
3337 -1255 0
1687 5270 0
-5116 -4245 0
-896 1116 0
-6912 -553 0
-2741 4655 0
4610 5431 0
2849 1657 0
130 -3475 0
-3395 -2494 0
6525 -489 0
-2419 -5385 0
-732 -5535 0
6520 2297 0
2613 -301 0
-5136 -3074 0
6467 -798 0
-295 6599 0
2018 4997 0
-2925 2867 0
3264 -1928 0
1980 1470 0
415 -6438 0
6545 6891 0
4837 2613 0
5560 4809 0
2692 4057 0
-512 4048 0
-4227 737 0
2286 1836 0
3658 -3571 0
-386 4742 0
6112 388 0
-4753 -2536 0
4027 256 0
1226 3550 0
1660 964 0
4746 -354 0
-4148 -2491 0
-3363 -978 0
4757 -821 0
2601 -4335 0
-1607 -1234 0
-424 -5404 0
5391 -5880 0
-3733 -6035 0
5268 5083 0
3211 -1692 0
-3425 3535 0
-5503 3760 0
4420 -1224 0
2982 -3447 0
-687 -5126 0
894 -5218 0
5772 1504 0
-1976 4686 0
-6531 -4802 0
3117 1029 0
5004 2359 0
3828 4495 0
2971 6335 0
870 6390 0
-5384 -645 0
-5008 -4398 0
6606 1787 0
-4796 -4773 0
3277 1160 0
-2286 3383 0
1588 228 0
-75 -3002 0
1836 5203 0
-1222 -2976 0
-2585 6113 0
5124 -1199 0
2025 -6751 0
-665 -4103 0
-790 1984 0
1003 -4557 0
6127 2109 0
-4000 5306 0
-3467 -3642 0
-5083 -2467 0
2816 -1672 0
2555 -3727 0
-499 -1688 0
1510 5360 0
731 -4853 0
-2739 -4172 0
3192 -2316 0
-764 3838 0
6348 2593 0
4135 5088 0
4391 -904 0
322 407 0
-6401 -4777 0
-6740 -3986 0
1955 3112 0
1343 6446 0
4526 -2387 0
-1999 5399 0
4033 6034 0
1097 1356 0
2331 -6279 0
-5868 6181 0
3072 5561 0
6886 2230 0
-6713 3805 0
-3511 -5792 0
85 -203 0
216 2850 0
3056 5180 0
-2748 2463 0
5720 -1739 0
4454 3279 0
3170 515 0
-6480 1428 0
5914 2812 0
5873 -618 0
-1756 6319 0
3401 -2978 0
-382 -3508 0
-93 -28 0
351 6584 0
-6986 -6762 0
-3278 -2390 0
-4800 -2503 0
605 803 0
4736 3085 0
3796 -3289 0
-4199 1367 0
-3527 6560 0
-1289 4196 0
-665 1131 0
-376 -6618 0
-1535 5478 0
5985 -4031 0
275 -1137 0
5013 4780 0
4271 -4842 0
6754 5548 0
2685 -3165 0
5299 -914 0
-1835 6651 0
-1977 3846 0
-4104 5319 0
-2861 5949 0
-2819 -2955 0
6205 -4142 0
6726 1310 0
-5989 -2445 0
-544 922 0
-5826 -5871 0
6108 -1899 0
125 5612 0
3945 6262 0
2222 1165 0
-4951 -1267 0
-6204 2968 0
-3370 5679 0
-1853 6517 0
-6385 2190 0
-4639 4930 0
5441 -5751 0
3282 1851 0
5309 3267 0
-6881 -6907 0
3459 346 0
3517 -6419 0
1869 4263 0
5121 2134 0
3613 6904 0
-5270 1971 0
6884 -1775 0
-5456 1841 0
-4724 6500 0
-6427 -6204 0
-2075 -5349 0
-1853 -5844 0
-5930 -4701 0
3978 4590 0
5433 4383 0
-4294 -4544 0
1998 4918 0
-6331 -3728 0
-4162 5808 0
-3878 2606 0
-5387 2143 0
-3873 -1972 0
3134 5083 0
-2842 -680 0
2768 6798 0
-113 -6408 0
-1119 2888 0
-6010 -6852 0
-112 -5412 0
5005 6795 0
497 -6669 0
-4638 2465 0
5854 285 0
-1780 -3359 0
1579 -5711 0
-3632 2526 0
6218 4826 0
6005 4369 0
-4099 1001 0
6438 5023 0
-60 2052 0
4849 723 0
5494 1408 0
3210 -2598 0
-2441 -1652 0
6697 2149 0
-5474 -566 0
1839 -2973 0
-5741 182 0
4773 2387 0
-459 -1625 0
5417 -2125 0
5782 -2832 0
6253 5066 0
-4793 2316 0
4405 -3543 0
-3153 -571 0
-283 -3002 0
1350 -1962 0
2257 -6609 0
-4215 -6636 0
1634 -2279 0
-5965 -2876 0
-3237 2609 0
-2124 -4378 0
2760 3868 0
-6896 -1750 0
-1854 -4886 0
2170 -5767 0
-3436 -6876 0
-1372 -4784 0
4606 -1886 0
-4730 -1995 0
4287 -928 0
2696 -2220 0
-1018 -2680 0
5725 -1503 0
6538 3117 0
-1719 -6340 0
5501 -623 0
-6145 -3564 0
2297 -665 0
-5787 1495 0
4465 -1638 0
-3216 1688 0
2501 538 0
-5052 6395 0
531 3479 0
-681 -5065 0
-2877 4504 0
1132 2536 0
-4087 237 0
-601 -3398 0
6391 101 0
-4913 -3930 0
5198 5536 0
5475 267 0
-1942 1844 0
-4298 -1956 0
-1526 -520 0
-569 -1292 0
1849 3199 0
1667 389 0
3408 -3514 0
3851 -2066 0
-2719 3016 0
6437 -3615 0
-3500 3538 0
-1376 -6371 0
-1454 5142 0
2877 4154 0
3990 -2759 0
4741 3812 0
-1497 2768 0
-3122 6821 0
-6099 5136 0
-4956 6289 0
4912 2916 0
1749 6598 0
-3526 929 0
-6663 6777 0
-6986 -3575 0
6077 775 0
-4529 6432 0
2923 4420 0
2770 -6538 0
-1533 3134 0
741 5175 0
869 -3718 0
3577 309 0
4585 -2379 0
-2561 669 0
-4978 4951 0
-3055 -4314 0
-4607 4982 0
-1243 3767 0
6908 6597 0
5165 482 0
-5206 -4584 0
4167 4130 0
-4991 -720 0
4574 390 0
5164 3447 0
6054 3701 0
3969 5476 0
-994 4611 0
6720 -6574 0
652 -62 0
5832 -4044 0
-6499 -4086 0
5909 2828 0
2413 -4730 0
-1629 555 0
3748 -2230 0
5630 3376 0
1840 6519 0
-657 -4933 0
-2721 -6516 0
-3173 -5748 0
-1538 -6692 0
-6472 1462 0
-4824 -2715 0
-3087 5621 0
-1930 134 0
-400 -3913 0
-2359 1190 0
5957 -3785 0
4347 2321 0
-4891 3625 0
3332 2772 0
861 626 0
-2809 -1812 0
-2417 4864 0
-6925 675 0
3698 4682 0
-3950 1139 0
-910 -1838 0
-4211 -4959 0
-4657 -1732 0
-6712 -978 0
-6543 4864 0
4117 -6322 0
-1034 5105 0
1837 -3528 0
-5488 -5023 0
773 1993 0
-1760 6975 0
6713 4874 0
2615 -331 0
-1288 -2986 0
-1969 -1700 0
6339 5783 0
1484 3650 0
6123 4299 0
-6283 980 0
-5618 -1858 0
5621 -2928 0
-2386 5918 0
-2935 1836 0
-5673 -1423 0
-2088 -4572 0
-3940 -6154 0
-5050 2044 0
-2081 4474 0
1454 -5468 0
646 -5725 0
1061 -2055 0
-4387 5294 0
6490 5065 0
1860 1508 0
1468 -3431 0
2443 2267 0
-1116 -812 0
-4418 2502 0
-1734 -1191 0
-2809 -6432 0
-5850 -2784 0
-5491 -5163 0
5333 -2322 0
3602 -606 0
-1171 -3024 0
6378 402 0
-1216 -1423 0
-3410 6253 0
3801 -6929 0
-3664 -2324 0
3276 -719 0
1587 -4789 0
5587 -1963 0
4983 -4993 0
114 2156 0