p cnf 100 100
36 -63 0
-78 81 0
-61 48 0
24 -20 0
-8 9 0
-4 -32 0
30 50 0
65 55 0
-35 41 0
85 58 0
-15 -10 0
-52 64 0
71 -37 0
84 -37 0
20 4 0
-61 72 0
-45 -60 0
-5 -12 0
81 35 0
-71 25 0
93 60 0
15 -55 0
-18 85 0
78 -66 0
39 93 0
-23 8 0
-46 -62 0
-5 -77 0
65 -84 0
72 22 0
85 -87 0
16 8 0
-24 -29 0
-76 -31 0
-10 -46 0
36 -25 0
-41 32 0
-35 4 0
-12 -100 0
39 75 0
-19 -41 0
-56 -11 0
38 -66 0
39 -34 0
-34 -98 0
-73 68 0
-11 -99 0
82 -31 0
22 46 0
-50 -77 0
32 -21 0
-44 25 0
92 37 0
-33 14 0
24 -37 0
-78 -33 0
6 31 0
-33 91 0
46 -14 0
-86 14 0
-97 -53 0
-14 -82 0
-23 -54 0
80 100 0
4 26 0
-56 16 0
47 -33 0
27 89 0
85 -37 0
-77 35 0
10 -43 0
-20 72 0
-70 -76 0
-70 -95 0
65 100 0
-53 -83 0
-1 -13 0
12 -54 0
-22 -64 0
28 81 0
-98 -8 0
16 -100 0
96 -66 0
-2 87 0
-76 -30 0
-69 95 0
31 21 0
-83 -20 0
34 -59 0
53 -28 0
-8 -10 0
93 -76 0
24 -72 0
-38 -6 0
55 -33 0
-12 -40 0
-55 -88 0
-96 55 0
-12 49 0
-51 -63 0