p cnf 500 500
-401 400 0
-318 -328 0
263 79 0
148 20 0
164 -359 0
380 166 0
86 -345 0
159 206 0
-57 151 0
24 -424 0
-81 -56 0
391 -133 0
402 116 0
-109 -447 0
293 -254 0
-330 380 0
-465 66 0
134 -294 0
291 411 0
295 11 0
-210 -139 0
315 336 0
-236 80 0
-263 -493 0
304 182 0
-104 486 0
135 2 0
476 28 0
315 485 0
64 -496 0
-351 9 0
369 -385 0
204 -196 0
456 227 0
484 6 0
-383 -328 0
-208 373 0
-472 -33 0
-169 441 0
-260 -91 0
-383 225 0
257 -229 0
407 -298 0
274 172 0
285 -318 0
357 -476 0
-486 -162 0
325 385 0
-183 400 0
169 -151 0
-169 401 0
-165 -284 0
-389 -309 0
317 266 0
426 82 0
270 370 0
32 223 0
301 152 0
301 211 0
495 -450 0
-186 -234 0
87 -125 0
-336 -183 0
-308 -32 0
137 400 0
304 190 0
91 -449 0
166 -389 0
173 229 0
-59 166 0
195 -67 0
291 -387 0
253 -19 0
56 -490 0
-93 -32 0
-56 -308 0
418 -40 0
-286 102 0
-152 112 0
8 -55 0
340 -82 0
277 -499 0
-436 144 0
-166 105 0
19 -320 0
-121 -204 0
263 -410 0
-353 -397 0
370 113 0
-103 -259 0
-399 428 0
457 402 0
112 -221 0
267 46 0
-449 -274 0
239 204 0
-219 281 0
70 -115 0
-410 186 0
-200 -117 0
-277 415 0
-381 -262 0
421 100 0
-130 -124 0
5 267 0
312 359 0
316 359 0
78 -417 0
-276 -434 0
433 -282 0
318 -92 0
40 -418 0
5 317 0
397 36 0
118 308 0
468 138 0
19 -295 0
135 -198 0
126 200 0
389 381 0
-404 225 0
186 -316 0
411 75 0
354 -241 0
-356 -274 0
37 123 0
217 -454 0
-17 -135 0
-100 -123 0
91 -80 0
-70 -63 0
472 120 0
171 196 0
-339 -258 0
-82 -261 0
-313 -244 0
-274 248 0
27 481 0
90 -142 0
226 293 0
165 496 0
-98 -6 0
-82 -396 0
203 -394 0
334 421 0
-481 118 0
-60 -467 0
42 259 0
-38 19 0
237 124 0
-488 4 0
-413 -150 0
-251 471 0
-300 -373 0
-19 335 0
416 -132 0
380 447 0
61 -54 0
353 -71 0
-433 -24 0
461 433 0
-398 288 0
305 -22 0
-289 333 0
184 332 0
182 71 0
40 -397 0
-485 -264 0
335 454 0
-410 -447 0
141 -493 0
239 -480 0
33 150 0
-266 429 0
249 162 0
-237 42 0
-249 -197 0
212 -208 0
-181 476 0
251 10 0
410 -378 0
-251 171 0
127 110 0
16 33 0
-18 225 0
-170 -498 0
-400 -220 0
300 33 0
394 438 0
-371 -174 0
-293 -307 0
-25 -297 0
64 264 0
436 81 0
336 219 0
51 39 0
445 132 0
62 466 0
41 -213 0
-358 -252 0
18 58 0
-408 -340 0
-127 -446 0
-158 -243 0
-279 332 0
-285 -241 0
247 -152 0
-54 -44 0
43 -332 0
-165 342 0
229 -494 0
-463 60 0
-375 -33 0
14 -145 0
-352 -473 0
201 -447 0
-91 41 0
4 -419 0
-250 -489 0
-420 475 0
-329 498 0
-375 -492 0
-470 479 0
296 -188 0
424 218 0
207 387 0
286 -86 0
-153 57 0
36 -171 0
-253 -431 0
-185 217 0
-485 -339 0
2 451 0
231 469 0
-433 -279 0
285 -307 0
-474 -463 0
156 114 0
-46 166 0
-53 -406 0
-244 -192 0
-93 382 0
-63 69 0
-353 -319 0
-394 337 0
87 -67 0
-31 -73 0
-321 -497 0
258 62 0
230 463 0
-224 299 0
236 433 0
104 -463 0
324 -236 0
375 -155 0
427 -421 0
-390 289 0
372 406 0
419 28 0
-111 181 0
-313 -10 0
445 323 0
377 206 0
-117 301 0
-392 393 0
-397 -303 0
259 -356 0
-344 275 0
175 455 0
215 -475 0
-332 -368 0
14 361 0
-386 321 0
-40 383 0
325 104 0
10 -458 0
-402 80 0
-366 165 0
-264 385 0
-388 -476 0
238 432 0
-456 -200 0
-436 -316 0
-260 -282 0
-349 198 0
188 402 0
-354 -235 0
272 -147 0
67 121 0
-338 335 0
206 -57 0
164 -370 0
140 -135 0
138 469 0
-255 7 0
-69 369 0
-340 308 0
-461 -293 0
-394 -361 0
-491 324 0
-240 -319 0
-198 368 0
477 188 0
-13 353 0
-148 22 0
-451 257 0
-209 -242 0
-362 463 0
-214 -392 0
79 -393 0
-202 -355 0
-440 -111 0
175 59 0
-166 -288 0
-86 -285 0
441 480 0
-210 487 0
-32 227 0
-308 -455 0
148 428 0
-33 375 0
-347 -130 0
380 35 0
149 353 0
-384 -271 0
405 70 0
-402 332 0
-22 362 0
-391 -327 0
-492 420 0
-389 157 0
208 323 0
329 81 0
320 287 0
424 -419 0
-18 294 0
50 -385 0
-16 -370 0
416 199 0
-387 434 0
-99 180 0
204 -225 0
96 340 0
462 -458 0
-211 -477 0
-161 384 0
351 290 0
-32 -335 0
-54 472 0
-336 -498 0
378 13 0
369 -105 0
288 -481 0
226 -18 0
-371 -220 0
-338 114 0
241 12 0
30 51 0
-290 -500 0
445 -459 0
-446 169 0
-28 190 0
-122 -297 0
16 -157 0
75 353 0
-468 453 0
61 159 0
-84 436 0
-69 383 0
137 -164 0
18 101 0
-137 -321 0
-444 216 0
-412 70 0
-435 337 0
482 197 0
401 473 0
424 275 0
-472 345 0
251 335 0
-281 -337 0
473 165 0
-339 -290 0
110 -149 0
447 245 0
-346 436 0
-397 371 0
-72 -168 0
271 324 0
22 287 0
264 -287 0
-258 -159 0
-248 30 0
397 310 0
-2 -102 0
-371 -58 0
-135 118 0
-411 160 0
-176 -226 0
-232 -321 0
340 -451 0
390 -110 0
10 -224 0
489 -342 0
-198 -91 0
407 14 0
-431 478 0
-102 -284 0
-239 -56 0
308 -40 0
91 450 0
57 185 0
-365 429 0
427 -455 0
247 -377 0
-404 435 0
342 19 0
173 -314 0
142 308 0
288 155 0
95 177 0
-278 -88 0
240 -354 0
-409 420 0
-231 12 0
-191 -194 0
-360 -236 0
-161 320 0
64 367 0
-77 135 0
-449 451 0
82 -160 0
468 -434 0
-298 -70 0
-478 -464 0
-490 71 0
-127 -331 0
327 -76 0
-211 -47 0
-19 438 0
-391 343 0
387 430 0
286 -83 0
-459 470 0
-283 248 0
-360 178 0
-115 251 0
317 277 0
263 -241 0
-461 -262 0
26 -137 0
-451 -203 0
386 68 0
82 66 0
159 -483 0
102 -316 0
-497 120 0
-68 347 0
-74 67 0
-411 -143 0
-253 30 0
-355 -464 0
8 -19 0
-178 278 0
453 12 0
405 447 0
-233 -366 0
85 -323 0
-288 464 0
177 -49 0
-456 -9 0
8 288 0
-140 -284 0
-352 52 0
-336 -57 0
-87 56 0
-237 483 0
-444 -99 0
388 -184 0
167 30 0
311 325 0
367 73 0
-111 390 0
-225 213 0
28 -488 0
-429 356 0
-160 -357 0
151 -120 0
-394 -65 0
-143 285 0
-270 323 0
-369 449 0
269 -278 0
231 238 0
-116 122 0
76 -301 0
332 -407 0
220 187 0
12 -133 0
308 171 0