p cnf 1000 1000
-584 -3 0
801 -674 0
401 -841 0
-401 685 0
38 114 0
-813 393 0
-313 -542 0
41 498 0
244 768 0
-516 -232 0
-738 961 0
934 391 0
-528 -671 0
386 38 0
522 -488 0
829 883 0
771 892 0
-351 -433 0
-796 -623 0
-508 -533 0
-206 108 0
382 -136 0
536 -802 0
742 -843 0
-745 812 0
526 -457 0
640 -858 0
278 495 0
470 -283 0
997 945 0
-514 -636 0
-731 437 0
-858 -570 0
356 34 0
-63 165 0
20 -523 0
262 242 0
727 -985 0
-573 130 0
304 -355 0
-201 219 0
71 716 0
-945 685 0
-419 -773 0
611 729 0
216 -143 0
439 -113 0
552 -743 0
968 697 0
-753 838 0
330 -698 0
584 789 0
510 -547 0
-700 -356 0
703 984 0
-485 38 0
-707 -10 0
919 292 0
929 869 0
-913 -244 0
-961 -331 0
-415 931 0
431 -190 0
877 -323 0
173 585 0
-532 949 0
14 -668 0
-686 275 0
532 -660 0
665 -859 0
-92 -434 0
-792 -331 0
-731 936 0
452 -17 0
910 -195 0
-823 -427 0
208 234 0
-360 520 0
-850 -983 0
-97 774 0
-827 535 0
-614 -252 0
93 241 0
-52 -595 0
353 173 0
-432 687 0
488 -101 0
19 -169 0
468 -754 0
386 649 0
-609 -466 0
-837 -776 0
445 -9 0
-167 528 0
980 328 0
-995 -396 0
23 -488 0
132 -775 0
231 -941 0
877 484 0
153 -886 0
149 425 0
-73 628 0
-601 969 0
-856 -317 0
251 630 0
-944 -926 0
-551 592 0
223 -772 0
-442 -266 0
-349 829 0
-337 -135 0
191 -261 0
384 -501 0
-247 237 0
-140 88 0
250 577 0
-604 211 0
-977 923 0
156 -236 0
405 -482 0
78 195 0
-169 319 0
583 -224 0
-335 -939 0
-287 -678 0
-45 -856 0
362 937 0
-27 -249 0
788 -757 0
517 965 0
359 -566 0
-254 616 0
704 648 0
442 32 0
264 551 0
314 851 0
-254 161 0
279 830 0
218 -256 0
539 -332 0
-468 -142 0
383 853 0
159 282 0
724 -850 0
926 918 0
-174 -785 0
-567 431 0
-292 -152 0
143 369 0
158 -894 0
274 -740 0
650 729 0
-561 566 0
378 106 0
992 -1000 0
36 -624 0
912 533 0
695 -365 0
-311 -631 0
-260 730 0
429 652 0
761 508 0
38 989 0
-578 206 0
-980 -686 0
-176 573 0
215 623 0
-191 -39 0
-907 128 0
-937 125 0
526 -976 0
427 -811 0
706 259 0
644 -527 0
813 -884 0
-295 -873 0
459 609 0
-761 -267 0
-848 -140 0
560 -446 0
948 263 0
788 269 0
-875 5 0
-549 -754 0
-918 -745 0
-38 -785 0
-885 260 0
-806 -41 0
448 -855 0
-575 -282 0
-738 316 0
-465 375 0
-974 -180 0
140 -863 0
-808 365 0
-614 -125 0
-3 947 0
-214 -536 0
671 905 0
711 969 0
694 17 0
53 -696 0
-530 -680 0
-600 636 0
-908 429 0
-890 -493 0
203 349 0
-116 -863 0
-250 -858 0
-708 529 0
318 60 0
786 -360 0
283 -572 0
-390 634 0
272 81 0
658 841 0
-296 -112 0
184 560 0
-986 -357 0
-169 -149 0
513 515 0
47 784 0
495 -203 0
-629 33 0
-204 669 0
-214 851 0
750 -554 0
-11 263 0
-854 680 0
996 510 0
-857 990 0
-60 572 0
-636 -609 0
189 -447 0
446 531 0
800 -373 0
-545 162 0
848 82 0
-77 -934 0
-92 -913 0
-369 -944 0
-390 818 0
82 230 0
-396 580 0
777 -306 0
684 897 0
495 -548 0
779 -710 0
-897 976 0
-30 -640 0
419 -146 0
671 923 0
240 -888 0
357 742 0
944 489 0
396 -770 0
649 -472 0
-244 687 0
213 -730 0
-260 -996 0
-877 292 0
-978 -270 0
-841 -993 0
171 -882 0
-638 -146 0
-763 746 0
218 730 0
-922 -270 0
-227 737 0
-39 240 0
-872 -450 0
-967 804 0
42 -970 0
707 819 0
342 -549 0
982 362 0
921 -264 0
-278 -853 0
-423 543 0
-506 -139 0
938 -400 0
-934 -721 0
-231 -415 0
-362 -648 0
-999 -634 0
-102 -536 0
-97 344 0
-416 897 0
-308 -615 0
120 -576 0
250 -700 0
-406 279 0
-186 673 0
-929 -482 0
-521 605 0
797 801 0
-946 887 0
-982 -286 0
77 427 0
941 -709 0
632 -440 0
445 -459 0
-46 -967 0
232 -645 0
772 -304 0
-465 981 0
-535 -40 0
582 534 0
371 722 0
460 179 0
-51 -987 0
-368 -800 0
-815 -38 0
686 811 0
609 -902 0
-814 -164 0
166 -497 0
432 -382 0
-938 993 0
801 21 0
759 -927 0
-875 -770 0
-604 38 0
-909 96 0
534 761 0
822 931 0
865 890 0
-673 -841 0
90 -2 0
595 696 0
494 173 0
-679 -391 0
862 -759 0
678 -264 0
842 -194 0
-591 -535 0
435 318 0
573 187 0
283 936 0
-178 353 0
-214 178 0
669 399 0
-400 -762 0
-695 59 0
930 655 0
737 292 0
722 284 0
-99 375 0
355 407 0
463 -353 0
-873 -870 0
881 250 0
404 390 0
-396 -689 0
-650 839 0
-893 859 0
-732 331 0
-23 868 0
-797 -63 0
850 908 0
-936 -932 0
-953 233 0
404 -761 0
-918 861 0
-606 -25 0
923 865 0
-757 686 0
155 535 0
958 575 0
927 -302 0
113 885 0
696 286 0
-369 949 0
-9 -802 0
576 218 0
877 -280 0
248 -62 0
210 837 0
879 -72 0
-138 -206 0
380 572 0
-116 -529 0
-794 -487 0
346 -732 0
154 -675 0
608 -474 0
217 -342 0
-630 -773 0
-251 -943 0
255 151 0
343 255 0
-731 -517 0
731 -792 0
-660 666 0
882 -106 0
322 154 0
-682 -781 0
379 -235 0
418 -790 0
815 317 0
-269 63 0
100 546 0
784 737 0
-288 -819 0
5 -868 0
868 106 0
-487 -535 0
-64 496 0
614 7 0
529 668 0
-584 626 0
-685 -629 0
-973 -389 0
46 291 0
-356 -296 0
861 -110 0
-285 -856 0
-514 497 0
851 166 0
-663 589 0
-410 -751 0
-825 406 0
800 -951 0
512 409 0
-285 747 0
-759 187 0
-402 486 0
-599 -951 0
115 -399 0
727 -717 0
184 259 0
783 682 0
432 142 0
-977 844 0
-120 -356 0
670 503 0
806 374 0
-998 657 0
-303 32 0
-737 506 0
-71 213 0
690 -574 0
67 414 0
242 -878 0
232 368 0
472 -406 0
132 496 0
356 -43 0
-979 917 0
-220 101 0
421 688 0
628 -585 0
-468 636 0
-708 -35 0
-294 -913 0
170 937 0
-579 -710 0
-573 470 0
-783 931 0
-325 703 0
-120 969 0
-901 -139 0
-528 445 0
759 -187 0
94 -260 0
750 -581 0
-367 -668 0
-207 -965 0
-651 38 0
-733 903 0
676 753 0
226 734 0
-96 981 0
-408 77 0
813 799 0
454 -274 0
140 45 0
-39 736 0
541 -397 0
-619 -838 0
368 -385 0
-649 888 0
40 278 0
407 60 0
67 -861 0
607 -343 0
744 -295 0
-73 -758 0
903 908 0
-665 -905 0
-492 117 0
992 124 0
-815 -534 0
-939 -15 0
449 57 0
-77 928 0
163 898 0
410 -597 0
407 -69 0
265 -330 0
707 313 0
-640 786 0
-426 -937 0
958 -273 0
953 594 0
-970 446 0
738 211 0
380 -584 0
-474 731 0
-671 145 0
769 308 0
-829 -378 0
321 126 0
822 -655 0
490 -659 0
-413 404 0
913 -357 0
554 629 0
-24 99 0
-907 966 0
-886 -518 0
-5 510 0
-104 638 0
-419 -524 0
623 327 0
92 -577 0
-720 -942 0
174 482 0
240 -107 0
612 235 0
721 894 0
936 -594 0
-984 -725 0
718 573 0
467 -597 0
-565 745 0
-855 -667 0
-189 -461 0
860 612 0
90 -247 0
868 154 0
-190 924 0
-583 -779 0
-856 135 0
581 805 0
-235 -953 0
617 -142 0
869 696 0
342 -243 0
740 -79 0
-4 -518 0
186 293 0
-40 360 0
-456 30 0
647 -773 0
-858 725 0
316 -813 0
-341 139 0
-751 -41 0
203 155 0
-692 503 0
-525 152 0
-179 -212 0
-611 350 0
756 600 0
-639 146 0
73 162 0
-144 -39 0
812 619 0
-6 400 0
502 191 0
601 812 0
-92 681 0
-858 -338 0
-806 845 0
-322 376 0
-746 165 0
66 -393 0
-182 689 0
313 876 0
942 -385 0
648 -849 0
-516 -939 0
-588 685 0
-232 -366 0
-338 -394 0
-674 -168 0
790 -36 0
-338 876 0
418 -304 0
83 -651 0
664 -252 0
-113 982 0
886 -340 0
649 357 0
-522 -561 0
-942 -443 0
-537 471 0
-725 328 0
-203 -656 0
-468 -267 0
451 -111 0
-142 526 0
986 931 0
60 -423 0
-384 119 0
-354 -953 0
-376 -35 0
6 -612 0
-675 -589 0
365 -302 0
299 173 0
622 114 0
-476 -690 0
131 817 0
-673 95 0
616 248 0
-403 -715 0
-399 -651 0
184 829 0
-597 -268 0
-980 590 0
-564 -940 0
-223 583 0
-77 781 0
-606 822 0
550 211 0
-659 104 0
86 -335 0
736 -861 0
-679 -93 0
-380 876 0
985 200 0
366 133 0
-369 288 0
-842 579 0
-792 456 0
-256 332 0
292 537 0
-243 -882 0
-524 -159 0
-775 -440 0
337 698 0
467 838 0
174 19 0
176 782 0
684 495 0
725 -678 0
-927 -714 0
93 675 0
-308 -74 0
-467 982 0
-322 922 0
-877 -664 0
989 973 0
558 185 0
514 -324 0
-566 686 0
434 924 0
-700 381 0
-743 -253 0
-697 -849 0
5 -186 0
-381 128 0
-927 -568 0
640 -487 0
250 -888 0
-190 -33 0
878 10 0
634 -523 0
-100 611 0
-515 36 0
-755 421 0
91 558 0
319 940 0
-721 -330 0
725 592 0
471 -82 0
917 263 0
150 -658 0
556 842 0
733 466 0
-86 -43 0
-772 -909 0
-745 -606 0
965 759 0
-109 670 0
-693 706 0
-881 752 0
-108 -39 0
342 370 0
-887 692 0
792 816 0
-323 -102 0
-903 -243 0
656 662 0
-278 -113 0
-514 -163 0
186 34 0
485 -588 0
789 -51 0
856 395 0
-491 27 0
-326 52 0
-42 -993 0
795 778 0
7 986 0
218 -644 0
485 -635 0
-753 434 0
264 -701 0
-934 190 0
-411 665 0
74 563 0
286 -393 0
289 -409 0
980 470 0
964 496 0
-62 863 0
791 70 0
-391 933 0
951 -538 0
-10 -670 0
-65 408 0
35 230 0
671 -280 0
805 283 0
-743 -566 0
-280 782 0
-678 912 0
571 136 0
405 -991 0
118 -806 0
510 -784 0
735 -691 0
174 97 0
764 713 0
746 242 0
641 908 0
-688 393 0
790 615 0
815 263 0
-12 -199 0
69 -165 0
-123 435 0
222 -506 0
-468 55 0
131 106 0
-652 160 0
950 733 0
608 -41 0
276 -742 0
343 -539 0
-429 154 0
-423 -613 0
581 443 0
449 -83 0
-475 -860 0
803 -469 0
245 -703 0
254 -354 0
360 -823 0
449 -822 0
-8 -372 0
553 -146 0
-160 -178 0
628 -604 0
566 -932 0
373 226 0
-424 -882 0
-658 516 0
428 966 0
121 -171 0
-789 -597 0
555 -305 0
717 -233 0
-227 359 0
407 -871 0
-434 -676 0
576 806 0
-236 -824 0
414 237 0
17 784 0
-569 -580 0
868 751 0
515 208 0
-729 459 0
48 767 0
-43 -348 0
165 180 0
-578 798 0
-116 -246 0
28 956 0
-694 394 0
659 666 0
702 900 0
-684 -168 0
417 -856 0
-859 -36 0
744 263 0
-356 551 0
-262 -678 0
575 -233 0
880 3 0
331 -445 0
639 922 0
174 804 0
-985 -88 0
-488 -182 0
899 562 0
-245 337 0
593 -315 0
33 -952 0
922 -54 0
19 -727 0
-84 -811 0
-517 518 0
973 684 0
294 -531 0
-833 293 0
-977 712 0
418 -495 0
-533 -73 0
628 -523 0
731 128 0
194 605 0
-741 652 0
-602 212 0
89 -335 0
-358 -568 0
347 319 0
381 -595 0
-942 -832 0
155 -191 0
-286 -636 0
-484 -930 0
-463 21 0
-939 -624 0
260 777 0
191 472 0
-353 270 0
-526 677 0
777 -159 0
-261 560 0
-39 961 0
657 -765 0
-777 765 0
-980 409 0
319 29 0
133 998 0
-406 -109 0
-692 -944 0
-103 -472 0
-711 -141 0
-412 -460 0
-197 -456 0
113 -68 0
319 457 0
-262 -654 0
-344 -595 0
579 -548 0
-314 825 0
398 42 0
-417 -499 0
-313 -298 0
-290 848 0
-760 520 0
-612 -729 0
-273 -575 0
-271 529 0
592 -402 0
949 -418 0
-504 986 0
-502 -788 0
-959 442 0
950 -823 0
-434 -32 0
-384 -831 0
522 984 0
-517 90 0
999 718 0
60 -622 0
-63 887 0
-293 87 0
760 642 0
568 -589 0
-805 431 0
570 333 0
288 -891 0
-674 642 0
195 -497 0
371 550 0
993 -321 0
67 -225 0
-185 261 0
-572 -464 0
717 -448 0
697 -457 0
-530 -801 0
708 136 0
514 -739 0
374 358 0
687 -973 0
-95 -69 0
-44 93 0
606 82 0
-582 -622 0
-902 -156 0
-508 -273 0
-344 -639 0
-899 -765 0
617 -35 0
-353 -536 0
-364 -972 0
-54 602 0
432 -393 0
-600 666 0
103 802 0
101 -494 0
-934 -673 0
555 799 0
730 -109 0
-956 714 0
-865 -470 0
-65 -453 0
-678 -403 0
754 -244 0
-447 -544 0
548 526 0
-186 339 0
-71 -437 0
548 367 0
569 593 0
-701 -208 0
-34 -747 0
354 -817 0
605 887 0
-844 529 0
573 781 0
816 -332 0
26 -948 0
-256 -856 0
-437 -121 0
-574 -870 0
913 -751 0
443 -11 0
2 -984 0
628 -461 0
225 855 0
148 80 0
-595 96 0
932 -680 0
-877 489 0
586 -534 0
-614 256 0
-912 -514 0
-339 684 0
-378 -226 0
188 181 0
702 710 0
881 -531 0
-699 251 0
-234 49 0
-303 137 0
-202 -389 0
621 -119 0
572 -653 0
-330 -876 0
-611 76 0
928 -717 0
256 -153 0
816 -345 0
158 22 0
147 15 0
-629 255 0
-164 -961 0
16 -469 0
194 267 0
-757 -256 0
106 152 0
-409 -846 0
989 519 0
19 -364 0
-844 -921 0
816 342 0
-780 -453 0
223 497 0
623 -898 0
-49 858 0
133 248 0
421 -445 0
565 -855 0
908 384 0
-432 -685 0
902 898 0
-319 -778 0
-99 -43 0
927 534 0
438 669 0