p cnf 5000 5000
-2589 -3894 0
4661 2418 0
1899 4445 0
-947 -2239 0
-1269 -475 0
-4944 178 0
642 -3178 0
-134 -1884 0
2662 -1068 0
3715 2896 0
518 -1004 0
-1999 3728 0
-953 98 0
2156 -3203 0
-3492 -328 0
4177 -2371 0
4902 -1496 0
3033 3230 0
2275 2180 0
2511 1996 0
-915 1645 0
2679 -199 0
-4001 -3032 0
-156 -4102 0
4893 -343 0
1977 684 0
-2303 -724 0
-4513 -301 0
4160 4382 0
2555 -4462 0
-3539 1911 0
-1789 624 0
3656 2116 0
-4550 1258 0
1627 2153 0
-335 2863 0
3189 -4762 0
-350 -1532 0
3373 4050 0
2056 -4562 0
2360 1343 0
-3228 1544 0
2249 2937 0
-4611 -43 0
4982 -2331 0
446 -4167 0
926 -3361 0
-3238 3674 0
85 -4829 0
970 2439 0
2126 -3864 0
582 -2046 0
-2227 2404 0
-27 4767 0
1971 4486 0
-2933 -2176 0
2728 4460 0
-2997 -1493 0
1439 -4485 0
-673 3433 0
2957 -1492 0
-3256 2744 0
2490 -4255 0
4565 1245 0
-1070 810 0
-1868 -1171 0
-1935 4122 0
3053 3536 0
-1949 -603 0
3250 -40 0
-1512 3000 0
-1680 3238 0
-2166 -4550 0
3070 589 0
-1939 -4939 0
-1550 110 0
-4598 3726 0
457 -1814 0
1506 -2204 0
927 4963 0
-3178 -3940 0
-3849 2007 0
-1465 4916 0
-2173 4310 0
-4609 4779 0
-1195 3166 0
232 1664 0
-4260 -3474 0
2816 -4372 0
-2045 3535 0
-3858 -2271 0
-917 2222 0
-4647 4763 0
-4252 1251 0
4717 -4843 0
871 3964 0
3411 4718 0
-1123 -4777 0
3536 -4623 0
1364 3279 0
2804 -112 0
1669 2589 0
4903 -577 0
-737 2607 0
-2253 1934 0
-4152 -3686 0
4462 -3006 0
2996 -1223 0
1681 3995 0
-2614 720 0
-1353 2270 0
4180 -1374 0
1226 625 0
-1673 -3743 0
-4164 2143 0
-256 -1917 0
-4767 -2204 0
1424 4638 0
-2868 -1851 0
-817 -2375 0
4894 -3778 0
-2597 1991 0
-1520 4826 0
-216 -4855 0
4111 2758 0
4744 -4796 0
-4485 -1891 0
4669 -482 0
-1504 2864 0
1069 3872 0
-1726 3443 0
-163 4349 0
-1522 1651 0
2293 -2957 0
84 -3160 0
-1073 -2995 0
1206 -358 0
4410 -4769 0
-3790 -3188 0
-154 -3782 0
4668 4435 0
-3830 -2934 0
228 8 0
-2905 2769 0
-4796 960 0
-2788 -3379 0
3436 2094 0
2551 -1961 0
-3421 -711 0
4348 4041 0
-2886 -609 0
-1527 -4185 0
-2284 -2612 0
-883 3318 0
2278 625 0
965 604 0
1099 3644 0
4814 -4641 0
-571 352 0
-4507 -2838 0
-942 4645 0
3520 1452 0
1911 -1224 0
-3111 2365 0
494 4039 0
-3487 3512 0
-2857 2509 0
4201 2270 0
-2990 -4602 0
140 3857 0
-3584 2122 0
-2974 -4529 0
-885 2273 0
1140 -400 0
3884 -341 0
1153 256 0
4775 1320 0
-2743 1279 0
-1443 -1825 0
-2031 -2060 0
177 -1219 0
-2928 -2682 0
-4371 1383 0
4207 846 0
2248 -718 0
-2374 1619 0
-4992 -4833 0
4788 12 0
2508 4927 0
-605 2572 0
2464 1842 0
-3666 -4487 0
742 -1695 0
-4286 3115 0
4011 -4226 0
3659 2430 0
4187 -2351 0
2035 1143 0
1197 2708 0
4080 -4067 0
-2774 3462 0
2277 -1745 0
3 -2840 0
1712 4426 0
2838 -4988 0
3398 -1242 0
-189 -4094 0
38 2146 0
-4198 3457 0
3382 2996 0
4396 -4065 0
-877 -2624 0
3494 -1750 0
-925 4889 0
1231 -2805 0
2742 2646 0
-2730 4446 0
-453 -1403 0
-3436 -3812 0
1886 -2260 0
380 2893 0
-4055 1763 0
2451 847 0
-3123 1654 0
-467 1780 0
-448 585 0
2514 -3811 0
2320 732 0
-1119 -4181 0
1080 2461 0
3152 1304 0
-803 -432 0
2995 4733 0
3682 -1553 0
2666 -3329 0
-1563 1397 0
1294 -562 0
4430 -3518 0
-263 -1483 0
-3682 -3692 0
-2698 3324 0
-1294 559 0
3939 1900 0
3768 3008 0
4690 2136 0
2239 1741 0
-1689 -2226 0
4250 -4355 0
-4876 4343 0
-1108 -4216 0
3193 -3188 0
4515 1456 0
-903 2749 0
-3135 -3736 0
835 -2214 0
-3782 3031 0
4822 3295 0
-775 -3938 0
4811 -2433 0
3423 3986 0
-2571 3573 0
-4604 3851 0
4938 141 0
2925 -3999 0
835 -58 0
4811 1424 0
745 -2725 0
-4118 -3846 0
2247 1802 0
-4771 -1898 0
-3861 -2669 0
212 891 0
153 4834 0
4424 1985 0
-4908 4723 0
-2833 454 0
-4435 461 0
-1528 3316 0
4438 -1788 0
3130 287 0
2278 -3098 0
-1977 2256 0
-4172 2584 0
-4465 1272 0
2870 -755 0
-124 -594 0
-971 391 0
-226 -3331 0
3589 -1668 0
-1960 -947 0
-2410 -436 0
4345 -3895 0
309 1660 0
-3746 -4796 0
-1518 -4083 0
-4055 206 0
675 523 0
-1681 824 0
-1998 -3584 0
153 113 0
-4903 4317 0
-1030 2401 0
2972 -1958 0
4854 -3465 0
2696 1861 0
968 -4319 0
3163 3423 0
-2439 3353 0
-881 -4563 0
4362 4890 0
-1690 3428 0
-1408 -170 0
1810 3417 0
804 -3284 0
-844 4563 0
3041 -2987 0
-4448 -1299 0
1518 1988 0
318 569 0
2157 -2296 0
-4414 1867 0
580 -4322 0
1332 -3377 0
1809 4127 0
-4064 134 0
-3060 2309 0
1902 -2713 0
4792 -1795 0
4413 -585 0
3476 -4057 0
-1 4765 0
905 1826 0
-3851 3561 0
3154 -1310 0
3394 3238 0
-1549 4655 0
922 -431 0
-4430 357 0
-1207 4369 0
-4006 -4532 0
-1298 3215 0
598 3070 0
3344 -566 0
3465 1907 0
-3128 3677 0
-4867 -4339 0
-1633 -1094 0
4803 -149 0
-3699 -4474 0
-2638 4642 0
2037 -4573 0
2475 -1740 0
-4582 39 0
2982 -4766 0
1069 2105 0
-2183 1338 0
3110 -1403 0
453 -2371 0
-4314 3758 0
-1812 -2298 0
686 -31 0
-739 -4 0
-4695 -3009 0
-1113 -407 0
-3620 49 0
3783 -2944 0
2135 4446 0
939 628 0
-1735 -4631 0
-3864 2620 0
3939 -2213 0
205 2019 0
-3470 -4240 0
-1470 3999 0
-3292 -4709 0
3018 297 0
-3722 3042 0
4517 3227 0
3856 2877 0
-458 2785 0
-2267 -3837 0
1279 4095 0
-1331 -2769 0
-323 -2346 0
4794 -4049 0
3782 -429 0
3318 -661 0
3206 2140 0
1562 -1900 0
-2141 -2037 0
-543 -356 0
1014 -400 0
-1559 -2095 0
659 -4371 0
3069 -1789 0
-4234 4072 0
-1502 2742 0
-3323 1111 0
2634 399 0
-3937 -2736 0
-4032 -166 0
3587 1254 0
-2003 4485 0
2461 -2514 0
-1235 -2058 0
4404 -3666 0
-4056 2726 0
-3275 1895 0
-2058 -1365 0
-3517 1607 0
3063 424 0
-4028 616 0
4135 -1862 0
-3322 -3218 0
1198 4738 0
-2290 -4570 0
-1087 -1814 0
1166 -2691 0
3139 -2480 0
550 -4355 0
-3335 -1277 0
746 -1563 0
3118 3106 0
244 1357 0
-3072 -3788 0
4303 793 0
-3445 837 0
-2069 4999 0
-4846 2991 0
4795 -3740 0
-2373 4747 0
-1639 -4120 0
-2671 -421 0
-1727 -4722 0
2999 4693 0
-3915 -451 0
4177 2149 0
-2692 4538 0
-1336 -4141 0
-2240 -1634 0
322 4507 0
4330 -1947 0
2785 4071 0
-4405 -1402 0
-2376 -3471 0
3903 446 0
-3950 419 0
-3085 3440 0
4676 192 0
4463 -821 0
-4262 -714 0
-2417 4965 0
2530 4466 0
3696 639 0
-1075 1611 0
2291 385 0
-4985 3733 0
-2089 -2935 0
-4394 -2131 0
-3093 293 0
964 2608 0
-4126 -1547 0
-1984 -2688 0
-2969 -1065 0
3074 -1600 0
-3278 2701 0
981 2584 0
-486 -2235 0
3366 -263 0
2002 -4947 0
-4512 -4045 0
-2220 45 0
2549 -4581 0
-4913 -3508 0
4846 -2401 0
2939 2842 0
3152 -4075 0
2636 3546 0
1267 -1443 0
1603 -4484 0
-1405 932 0
-2468 543 0
4313 4931 0
3760 -2916 0
4501 -1064 0
444 4435 0
2955 151 0
-3015 4511 0
-4142 -3189 0
-1403 4300 0
-4165 -3966 0
4138 4951 0
-2474 2165 0
1018 142 0
3616 -2324 0
940 2407 0
2660 44 0
-2815 -3439 0
2349 1208 0
-3206 -2515 0
3084 2261 0
3200 3528 0
-1896 2453 0
151 -1659 0
4442 -241 0
-1815 1760 0
1430 -1362 0
126 4874 0
204 3990 0
-4366 1433 0
-4222 -2506 0
1449 -3869 0
4936 -2510 0
-3371 798 0
4821 -4693 0
4804 -2411 0
-3101 -4549 0
-3965 3843 0
2414 -2394 0
2786 -3052 0
3496 1034 0
-4544 -4385 0
1615 -3772 0
4712 458 0
-2931 1472 0
-1063 3618 0
1414 1533 0
-4711 2312 0
4364 -300 0
1468 -57 0
-978 3879 0
-4855 1192 0
-3336 -2254 0
3154 -380 0
224 4826 0
4541 -2021 0
-4229 -2638 0
-440 421 0
4954 -638 0
-4677 -2228 0
-3633 -1726 0
-1284 -1734 0
2561 1408 0
-4963 -938 0
-504 1216 0
-3816 4 0
4338 -984 0
597 3081 0
2768 2623 0
683 3606 0
4916 -1688 0
760 -2708 0
591 983 0
4635 -790 0
-3127 -3880 0
-3909 -2219 0
4420 4320 0
2235 4648 0
-3691 850 0
25 229 0
-4500 -1288 0
3922 -3667 0
1664 3184 0
-4499 992 0
-3790 -4885 0
3571 -3793 0
-1221 3454 0
4140 -4713 0
2874 626 0
-4385 4694 0
1525 -2135 0
4927 -850 0
3736 -842 0
3324 -3076 0
2062 2529 0
-1754 3739 0
-516 -4343 0
-4440 -3197 0
593 -3234 0
2974 4919 0
-371 2195 0
-3399 -2977 0
3723 4745 0
4221 4996 0
4164 912 0
1363 -752 0
2299 -2922 0
-3 577 0
-731 -284 0
-839 1439 0
-4166 3016 0
-2889 -4212 0
-2135 -103 0
709 -4493 0
328 -1055 0
3290 -3578 0
-1341 -400 0
1436 1638 0
2281 2562 0
-1998 -640 0
-4335 -479 0
1564 -4193 0
-522 -3944 0
24 3835 0
-583 3660 0
-260 4801 0
-3366 -4694 0
4176 -3143 0
4403 -540 0
3261 867 0
-719 635 0
-1916 -3287 0
4376 4544 0
4318 -4921 0
1155 3894 0
-3096 3262 0
3664 3503 0
-4979 1203 0
1376 -4770 0
-4722 -4758 0
2118 26 0
-68 500 0
4548 1251 0
1250 -3132 0
2000 1146 0
2067 -2908 0
3240 -1871 0
235 -322 0
-287 184 0
1526 3538 0
3924 3595 0
-3503 -4111 0
1169 3618 0
2133 -4644 0
-404 -2157 0
-3921 388 0
-3402 -4794 0
4771 -2987 0
-3123 3787 0
-2736 -2822 0
-1699 -3941 0
-4181 4051 0
-1011 -2565 0
-564 104 0
3469 1162 0
4708 3300 0
-1880 -1728 0
-3982 4071 0
1683 -4482 0
-923 2083 0
1435 -738 0
459 1410 0
-4804 1770 0
-1779 3307 0
-2203 4318 0
4864 -2059 0
1300 -2504 0
-3093 4579 0
1696 3319 0
-4945 3686 0
2723 -1082 0
1624 -1628 0
-2433 -4338 0
3359 3322 0
3147 946 0
363 4364 0
-3755 -4594 0
1726 -639 0
3318 1996 0
3257 4304 0
-435 -236 0
3520 2187 0
2265 4713 0
2570 -1264 0
-4508 -1776 0
-2744 -2657 0
2172 -1740 0
1117 3629 0
-2999 4795 0
-2482 2019 0
-3491 1397 0
-4048 -2511 0
1770 4182 0
183 3355 0
-1967 4220 0
4312 -4856 0
1275 1465 0
1792 2802 0
287 -912 0
461 3979 0
1062 -3028 0
1964 -1944 0
3707 -588 0
2077 1185 0
-1550 60 0
3009 -1816 0
2338 -2281 0
219 -269 0
-524 160 0
4507 1556 0
-3004 -2661 0
-2912 -2234 0
54 -2707 0
4988 3503 0
-1288 -4204 0
4540 -2870 0
-1483 2718 0
-1849 -350 0
-1697 -733 0
2968 -3509 0
3009 1209 0
3565 -1181 0
875 4049 0
3382 -437 0
-2020 -2587 0
350 380 0
176 1355 0
2827 -477 0
386 3785 0
4532 3900 0
4002 -2317 0
4147 3658 0
3592 3689 0
-121 707 0
3664 -1756 0
-2384 -3254 0
3757 -1468 0
1247 4048 0
2810 3927 0
-377 -253 0
4273 -3563 0
58 -497 0
-2481 -1187 0
-4031 4814 0
-1328 -2680 0
-4986 -1619 0
1757 2886 0
-4696 -24 0
-2983 4542 0
-3227 -2617 0
4243 3350 0
-386 -3357 0
-4504 -4079 0
-2334 3003 0
1547 -3212 0
4927 1514 0
4186 -245 0
4580 3964 0
-3499 1350 0
-651 -2778 0
3864 -2986 0
-3439 -691 0
3758 831 0
2080 -4691 0
-4819 188 0
264 -4953 0
-126 2467 0
1232 -4167 0
-2720 -3082 0
-4290 2163 0
882 27 0
-1463 2156 0
-3630 3564 0
1366 1859 0
-1932 2171 0
-3010 1530 0
2031 4436 0
-376 -1473 0
-560 778 0
2642 -989 0
1361 -3678 0
-4769 -1267 0
3954 -2704 0
-3676 -3060 0
826 -4062 0
2127 3794 0
959 1888 0
-3973 -1254 0
1826 -1347 0
84 1488 0
4246 694 0
-3793 4096 0
-1054 -2166 0
-468 4988 0
-3875 -524 0
-2651 4856 0
-1693 2232 0
-4654 1697 0
-952 -2680 0
2710 -281 0
1223 4291 0
-2360 -2643 0
2116 -4532 0
58 4623 0
2143 2092 0
2715 -2525 0
1875 102 0
-1250 -701 0
-4767 4087 0
-964 -1565 0
-2043 2867 0
-3233 -2633 0
1895 2445 0
-1490 2981 0
1369 1225 0
3772 4969 0
3925 -94 0
2940 -668 0
-4245 -236 0
-3844 -3801 0
-848 4932 0
-1425 -4393 0
-3034 -704 0
-2992 -1306 0
2321 -2118 0
-4186 -3155 0
-2392 2678 0
-890 -123 0
-657 840 0
-2663 -1846 0
-927 2086 0
-3111 -1308 0
-2624 1001 0
4529 1578 0
4225 -3394 0
-3614 2976 0
-474 -1284 0
-2544 3940 0
601 -761 0
3895 -2232 0
-523 3657 0
-3962 4584 0
-3283 3184 0
-567 3846 0
-1744 -3440 0
1380 -2173 0
4796 2589 0
586 864 0
1218 4703 0
3182 -1621 0
-4954 291 0
-1129 -4431 0
-264 3792 0
-4772 1306 0
2160 2089 0
-4373 1411 0
776 -3417 0
4685 3885 0
742 622 0
464 1327 0
1560 2376 0
-3637 2467 0
-1570 1767 0
-1599 3392 0
100 3842 0
2770 -2358 0
2928 3359 0
-2528 3172 0
-478 158 0
-4207 -2947 0
3574 -4412 0
4374 -3078 0
-4954 -4608 0
268 -302 0
-2947 -2699 0
3396 2674 0
2885 2320 0
-3294 -3505 0
-2961 4860 0
-4741 4652 0
-2258 -15 0
3447 518 0
1928 4038 0
-853 306 0
-4265 265 0
-2014 308 0
4517 -4623 0
-3908 4867 0
1013 -3160 0
4944 4225 0
-500 -4876 0
-425 3126 0
-2999 -4310 0
3494 632 0
-4277 -4035 0
3153 880 0
1679 3969 0
-1592 4351 0
2264 -2514 0
-1726 -3209 0
-3690 -3666 0
-3369 -3491 0
1281 3412 0
134 -2908 0
-3624 -1141 0
3000 -1805 0
-1701 -3714 0
2937 1540 0
42 1203 0
237 274 0
-3739 3983 0
-4521 -4417 0
-1451 -4806 0
4909 -790 0
4365 3902 0
3649 -4482 0
2763 392 0
302 2252 0
4165 1566 0
-1338 1191 0
-2910 705 0
-2659 2107 0
972 3073 0
-453 -538 0
-1663 3126 0
-3282 -3954 0
461 -1590 0
-3865 -3672 0
322 -3748 0
-3902 2947 0
3277 -2880 0
-808 4732 0
2424 4915 0
3506 2566 0
-4240 4743 0
462 -1112 0
3825 2970 0
2797 -2805 0
2315 392 0
275 -1153 0
4298 -3911 0
4371 2722 0
2813 -1114 0
2621 3140 0
2574 -918 0
-4543 4636 0
-3564 -2655 0
-836 -492 0
3951 4527 0
4813 2088 0
-3919 -330 0
-4983 -3894 0
-401 -2417 0
1518 -3333 0
4024 120 0
4523 -3333 0
-1624 -4712 0
-2719 -2288 0
717 2996 0
-1125 477 0
-1403 304 0
1945 1149 0
4298 -4474 0
2731 337 0
-2824 -2333 0
-3699 2459 0
-1037 1431 0
-4432 -2335 0
304 -4232 0
-1640 -506 0
-4172 4879 0
-4965 3398 0
1887 -2307 0
-103 -1387 0
4158 2768 0
-878 3392 0
1086 2653 0
241 1845 0
-1622 -3902 0
-3823 -2541 0
3510 1507 0
-667 3580 0
344 -1995 0
-3285 4380 0
1860 4065 0
2957 1337 0
628 18 0
3483 -2257 0
-3840 1217 0
-3167 -3506 0
2963 3858 0
-3710 -3182 0
4532 -1753 0
-596 -4973 0
4166 -2429 0
-2221 3073 0
-701 4207 0
3974 115 0
981 -566 0
3569 -4435 0
1858 -2066 0
4057 3188 0
865 -3609 0
-796 289 0
31 -3081 0
2938 -1960 0
3798 2350 0
2963 -2125 0
2518 -3477 0
-1865 1905 0
3003 656 0
-10 4130 0
-1016 3494 0
-3649 4918 0
1292 -1219 0
3711 1585 0
4687 4768 0
-1857 -4647 0
-4529 -4772 0
2651 2591 0
-4912 -3028 0
2976 -1583 0
-3568 4946 0
1454 948 0
-2751 2415 0
-2120 -740 0
-1351 152 0
-4762 -2483 0
-2450 1491 0
-4386 3877 0
3784 1975 0
3616 -2615 0
-3979 -3262 0
-2480 3360 0
2584 -547 0
-4180 -341 0
-103 1022 0
3453 -1890 0
-103 4247 0
3665 2976 0
-2933 3855 0
-4260 4989 0
-3061 -1534 0
4901 1825 0
4817 -1740 0
-2527 -2983 0
-4702 -995 0
4701 -663 0
-2706 4767 0
2044 -1487 0
1608 -255 0
-1573 32 0
-4817 2256 0
1238 1935 0
-1382 2802 0
2132 -1445 0
1641 4927 0
4673 1477 0
3010 4460 0
4829 3831 0
-2657 1745 0
4958 2374 0
313 1636 0
-1082 -3877 0
-1087 4224 0
-3424 -3544 0
2064 -1898 0
-4738 2854 0
-4230 3447 0
-1381 2788 0
-3476 3654 0
-1776 2814 0
-4057 -926 0
-1394 -2039 0
-2798 -4620 0
-1788 3024 0
-3423 348 0
-535 738 0
761 -1838 0
881 4303 0
-4976 -880 0
2200 -2005 0
4690 -4333 0
4834 4188 0
-2895 4062 0
-3182 1622 0
-107 -1363 0
914 -4549 0
-3845 3649 0
-1009 -2748 0
-603 -1338 0
-3853 -561 0
3615 1573 0
3962 4129 0
2896 -4443 0
-4597 4178 0
-851 -1482 0
-1130 -3466 0
4579 -2839 0
-4931 -4965 0
2981 -3467 0
-391 3256 0
2586 -3874 0
3090 -4200 0
416 -4787 0
573 4765 0
-4833 -108 0
3552 3048 0
4558 4289 0
2417 -2937 0
842 1331 0
-631 -414 0
33 125 0
2485 4067 0
-1884 2012 0
-9 -2350 0
-4097 3972 0
-13 -4380 0
3118 -1567 0
-491 -358 0
-1809 -2362 0
-2527 -2782 0
-3069 2607 0
-3684 2396 0
-1775 -1220 0
2549 -1340 0
-4753 -4820 0
3699 2272 0
4156 -3860 0
4153 -2901 0
-314 1795 0
3863 45 0
-4942 1768 0
-1025 2898 0
3944 3331 0
1025 -809 0
2086 -3198 0
-385 -1835 0
4872 -53 0
1334 -4000 0
1832 1822 0
-4153 -3696 0
-1416 4356 0
4342 -3803 0
1692 -3899 0
-3576 2120 0
3349 -4133 0
-771 4703 0
4380 -591 0
-107 634 0
2345 -2855 0
-842 4655 0
-715 -36 0
-2644 -1925 0
70 -3036 0
1666 4400 0
4454 -1310 0
-3832 -339 0
2444 164 0
2803 -3944 0
71 -3735 0
-1396 -2013 0
-288 -573 0
-3209 2924 0
-1663 -3275 0
-753 -1194 0
1502 -3071 0
-253 280 0
-3269 1211 0
4119 -4575 0
2626 2689 0
2021 4371 0
-203 -4327 0
-300 -4816 0
-2715 2857 0
-2953 2436 0
-4337 -3332 0
-3666 -1180 0
-2724 3485 0
-487 3195 0
4676 -1853 0
2367 1290 0
1685 4630 0
915 3920 0
2033 1483 0
-918 13 0
-1766 2581 0
-2446 -4165 0
-157 4153 0
2191 -1282 0
-1170 3393 0
-4863 -1002 0
3482 4624 0
-3921 2909 0
-2558 2951 0
-2039 3988 0
-917 -3355 0
2130 1316 0
2397 4844 0
2890 -4591 0
668 -4536 0
3825 1435 0
4875 -675 0
2538 4259 0
-2664 2688 0
-4082 -4856 0
3326 -2630 0
-35 -3522 0
-2739 401 0
-4921 3536 0
-3986 -642 0
-4175 -3212 0
169 1877 0
-1325 2002 0
2642 -2058 0
2704 -3661 0
3262 2787 0
-4512 -4583 0
4935 -4773 0
-4434 -4383 0
-185 -1499 0
1945 997 0
4824 1908 0
-2282 -3920 0
-2498 -209 0
4478 3024 0
366 -6 0
-4510 4071 0
4584 -271 0
-3065 -4755 0
444 -2802 0
2478 3074 0
-412 -2106 0
-2383 -1139 0
2671 1222 0
2778 16 0
2007 -2804 0
1540 4892 0
2135 949 0
-2928 1724 0
1260 2474 0
-1271 -4446 0
-1287 -748 0
-3774 699 0
-4117 3218 0
1032 673 0
-4614 4858 0
2171 -158 0
1535 -1132 0
-474 -2094 0
3020 4547 0
637 -3317 0
1189 -3375 0
1486 670 0
-450 3730 0
-4653 -4013 0
-4099 -1331 0
-3596 -1704 0
2401 3551 0
3257 -2536 0
3559 3459 0
3016 -764 0
3956 -2595 0
3653 -2288 0
114 4168 0
4763 2142 0
4824 1919 0
2108 2896 0
4611 -102 0
3371 -815 0
2698 -3890 0
2807 3375 0
-3772 -3012 0
-2227 -2600 0
4840 -2197 0
-1763 -4499 0
-22 -1044 0
-4014 -4041 0
-493 -2149 0
2293 -542 0
3941 -347 0
-3270 4078 0
-170 2405 0
2308 4590 0
-3833 1282 0
-1334 121 0
-972 492 0
-646 2894 0
49 -4072 0
-2386 -164 0
-230 1008 0
3926 -4078 0
1820 3473 0
1670 1834 0
-2121 1348 0
-4430 4387 0
2469 -1448 0
2879 3404 0
1324 427 0
-1178 3874 0
-4058 4598 0
1589 704 0
4347 2317 0
-4149 -848 0
-990 -1788 0
2910 -4867 0
2069 -1872 0
-820 -1709 0
-826 -4923 0
-1998 -1894 0
-695 3772 0
3989 3520 0
3967 -183 0
3914 1402 0
4720 3734 0
3418 -3132 0
-3687 -571 0
-4128 1998 0
-4261 -2546 0
-4391 -2511 0
-3120 3626 0
-4615 -1786 0
2246 -4848 0
2804 2704 0
-223 1283 0
1967 -396 0
3911 -4944 0
-866 4574 0
-3307 4089 0
-3827 4478 0
2858 -1290 0
3766 3202 0
-2204 166 0
-4194 -3205 0
-3520 178 0
-4861 1942 0
4016 -3306 0
1401 1542 0
-1876 -828 0
2420 -4319 0
-4266 -3918 0
-1836 1303 0
-2912 790 0
3275 629 0
-3121 2014 0
576 -1710 0
1476 2773 0
-35 3231 0
-2192 4547 0
2477 -2607 0
1528 -2437 0
1397 864 0
4588 1464 0
-472 2108 0
1730 -4187 0
-711 3989 0
-319 4366 0
4224 -367 0
-4678 839 0
-3585 1579 0
-1156 3404 0
2350 -4301 0
1971 2514 0
-4055 -2677 0
-522 -846 0
-3212 -286 0
1178 -2332 0
-4700 -150 0
1620 -3213 0
-2293 3319 0
1121 -2059 0
-3069 351 0
4285 -3805 0
169 -4196 0
3543 1208 0
-2724 3562 0
-296 1491 0
976 -3647 0
2788 -1505 0
-2094 -2157 0
-2595 -3722 0
-368 -2318 0
-362 -1496 0
2439 -3502 0
2388 2882 0
2754 710 0
-3462 2719 0
-1718 -3854 0
1719 -2090 0
2262 -1409 0
-1033 -2491 0
-4413 2549 0
-877 -3653 0
-4484 -4264 0
-2499 3441 0
1310 2412 0
4063 1704 0
-2390 4347 0
-3472 1852 0
748 1570 0
1645 4397 0
3264 85 0
2312 935 0
2407 2712 0
1769 1257 0
3383 696 0
3353 1872 0
1115 96 0
202 -4058 0
-209 4511 0
35 2805 0
2260 2303 0
2983 -2540 0
-1865 616 0
703 1136 0
-606 2897 0
4397 2612 0
-3066 169 0
-2092 4607 0
4456 -1086 0
337 -1638 0
-215 -1415 0
1939 -1369 0
-3968 2126 0
2043 3257 0
-1928 4819 0
373 2840 0
-2923 -1792 0
-4146 -2015 0
3447 2374 0
3316 2824 0
429 -654 0
-2239 -4728 0
2626 -4608 0
423 2294 0
4242 3471 0
-541 2059 0
1649 -1088 0
1253 1598 0
2178 254 0
1864 1835 0
-4745 1967 0
167 2941 0
1640 1254 0
345 -4487 0
3962 -4596 0
1937 1616 0
4731 2344 0
4376 -1447 0
3568 -1545 0
3841 1022 0
-3971 -4140 0
1154 4084 0
-390 -2667 0
-1916 1302 0
-4966 4598 0
-2103 -1740 0
3570 4990 0
903 4361 0
4493 -3441 0
-4927 -4851 0
-2358 3413 0
-2539 890 0
-3318 -627 0
2832 -3390 0
-2700 4603 0
2895 -3314 0
-1112 -1922 0
3788 -1264 0
-3226 -3227 0
4117 -665 0
-2434 4382 0
3081 -2358 0
3648 1822 0
-3375 1714 0
-72 -3280 0
-3476 -4892 0
-3633 -1499 0
-2605 201 0
-301 -4038 0
3267 3759 0
2704 -3835 0
-2935 3068 0
1252 3691 0
2265 1153 0
-1259 -2470 0
-4745 3155 0
2003 1085 0
3978 2621 0
-4128 83 0
858 2386 0
-971 -4418 0
-2878 -955 0
132 -3337 0
-1198 -4865 0
-1217 3164 0
1315 84 0
-2120 -643 0
3659 -365 0
-3689 2985 0
-3573 -4885 0
-2072 4033 0
-1620 -1595 0
4752 590 0
-1867 -4100 0
-1592 4384 0
-1787 -1941 0
659 -1390 0
170 4305 0
-3339 885 0
2807 -4868 0
1615 3458 0
1252 689 0
-4337 -319 0
4576 1372 0
3572 383 0
-4488 2781 0
-963 1898 0
913 689 0
700 4897 0
-568 3277 0
4970 2926 0
-205 3753 0
-3090 -4585 0
-4798 -352 0
1421 3167 0
-2515 -3851 0
479 -2506 0
-2690 -2004 0
3380 2281 0
4414 3115 0
580 -1131 0
-1400 1873 0
-3693 593 0
1288 -787 0
1757 -283 0
1428 2593 0
1969 1417 0
-732 -3636 0
2567 -262 0
-2163 -3613 0
1899 -1846 0
4925 1628 0
3076 -4455 0
-2234 -4086 0
-541 -4118 0
-2278 -2336 0
1246 -1816 0
3637 3330 0
-3222 2827 0
1882 705 0
-4651 -3874 0
1895 -1468 0
-608 -4397 0
-1357 -1844 0
-2579 147 0
1513 2082 0
1287 174 0
110 -2664 0
-3167 4559 0
2153 2568 0
184 -3350 0
-2321 4382 0
778 -2817 0
-4954 -64 0
-667 1349 0
-1330 4502 0
-448 3685 0
4979 -1678 0
-695 -222 0
4767 -2515 0
376 -912 0
-1739 4914 0
-4940 397 0
4832 -1768 0
-2188 4560 0
-4117 871 0
-911 3266 0
4369 -2213 0
-4747 -2035 0
-2668 -3796 0
-3656 4391 0
-2711 -1074 0
1711 -3850 0
-4702 -4150 0
3902 3432 0
3397 3554 0
4816 449 0
2341 -147 0
-1727 -1892 0
1534 3647 0
-3452 -1033 0
3856 -351 0
337 2150 0
-4158 -2229 0
-171 -4796 0
3605 2382 0
-2163 3968 0
552 548 0
-88 -4648 0
-2474 -2624 0
-2038 1449 0
2522 2598 0
1387 -2272 0
2075 2757 0
-3473 1394 0
-1343 -812 0
1821 -3847 0
2926 -3236 0
-2515 1612 0
-2792 -1519 0
2144 1591 0
1486 -459 0
-2162 2428 0
-2933 4742 0
2267 1696 0
1470 -610 0
1727 1015 0
-2510 -668 0
248 -4272 0
-2809 -4119 0
1804 2273 0
-765 -303 0
-3412 -2770 0
1978 1433 0
-2386 -1724 0
442 -1258 0
-614 -2648 0
-45 -3582 0
-3346 187 0
-4705 3920 0
-3131 929 0
-157 1739 0
-1544 863 0
-482 -4025 0
1812 2714 0
-1319 -1 0
1751 4322 0
350 3727 0
-4524 -148 0
-2984 -4145 0
940 4833 0
-4368 -3473 0
-4562 1982 0
-1722 2019 0
1970 242 0
-3458 1204 0
450 -4459 0
4823 -4070 0
3399 4959 0
827 4578 0
1105 958 0
-98 1315 0
-554 -3188 0
-3589 3567 0
-1703 -4640 0
-3662 -812 0
3320 3126 0
1443 -1131 0
-3971 -153 0
-3108 -4563 0
320 -4775 0
-2964 2745 0
-2682 -2913 0
1201 1089 0
3892 2774 0
-1551 -903 0
-1225 4314 0
4446 1416 0
-4058 -4062 0
525 4374 0
1404 3099 0
-3286 -3931 0
2268 4541 0
-2710 -4735 0
239 -1067 0
1645 4818 0
1363 -1837 0
4352 2967 0
-3995 2844 0
282 -2285 0
878 -4975 0
-3535 4432 0
1206 526 0
4228 -3425 0
2481 -2200 0
-847 -78 0
1679 712 0
-47 -1972 0
-2097 4354 0
-3143 1077 0
-4889 4702 0
-3947 2139 0
1311 3074 0
-4323 -2019 0
2511 1005 0
-1748 1523 0
4947 -1502 0
-1771 1728 0
-942 3387 0
4062 -3140 0
749 2620 0
968 -3545 0
4645 -3436 0
-296 -4021 0
-4031 3454 0
3611 4628 0
2539 -51 0
1234 2243 0
-3856 -3724 0
4400 3183 0
20 288 0
2272 1239 0
-4402 3378 0
-884 1154 0
-3155 -4778 0
-63 -2757 0
-2059 898 0
2972 3902 0
2929 932 0
310 -1613 0
-713 -1971 0
4268 4622 0
4289 -1539 0
4692 3095 0
248 -2053 0
4655 3448 0
-2009 1020 0
3276 1805 0
-1029 -796 0
587 3352 0
3751 2776 0
-4332 2570 0
824 4098 0
4657 -1312 0
2971 -3106 0
-112 -4686 0
-551 3922 0
-551 -966 0
2629 3796 0
-1568 -2750 0
-2044 3700 0
-4971 3659 0
3325 -567 0
-3423 -1129 0
-3712 -2698 0
2026 -3810 0
-1034 4237 0
175 4962 0
3596 260 0
-1095 -4617 0
-1077 -3055 0
-2166 -1018 0
-4987 -3954 0
-1439 -510 0
27 3172 0
-2753 2650 0
1385 487 0
3815 2895 0
2390 4569 0
3475 2272 0
-442 -3625 0
3143 -4369 0
-2880 -291 0
3042 -3170 0
414 1992 0
-188 -2280 0
-2332 -214 0
4291 6 0
1577 -4439 0
4266 -2311 0
-2525 -4311 0
-2613 2365 0
224 -36 0
3452 3261 0
-559 -4150 0
-4699 2104 0
-4811 -2532 0
408 4013 0
-4919 1389 0
2297 -2499 0
-2889 2348 0
1966 -2467 0
-1670 2250 0
2045 3008 0
-3804 -1744 0
200 1515 0
4291 -479 0
-98 -1111 0
4919 2998 0
4834 221 0
1853 -1887 0
-4356 2756 0
-2270 -948 0
2578 1246 0
2056 -4141 0
2464 719 0
-762 -4069 0
-1886 -4579 0
4610 1936 0
3287 -4441 0
-839 -2990 0
3472 2047 0
2589 -3615 0
1564 -3442 0
-504 -2942 0
-553 -186 0
-2459 812 0
1697 4139 0
1040 3027 0
-3441 4209 0
-2082 -937 0
-3181 1861 0
-1175 -2795 0
-859 841 0
-3607 4861 0
-2458 -573 0
1849 -409 0
3133 4767 0
-4749 -1840 0
3141 -2927 0
3247 1795 0
-1625 -1961 0
-2665 3143 0
2961 4960 0
984 -1487 0
-421 2382 0
2612 -2701 0
2107 2091 0
1377 -2897 0
-2923 -4282 0
-570 -4211 0
-2907 -1 0
4923 549 0
-38 -2103 0
4825 -4012 0
-4627 3750 0
4637 3802 0
-4947 4899 0
-1406 -2727 0
-4699 -3493 0
4142 -4120 0
1902 -4182 0
-1552 -300 0
3955 -2064 0
-1802 -99 0
-131 4716 0
-4091 -4258 0
-4980 4371 0
-4228 -4230 0
3702 3507 0
4369 -680 0
-937 -441 0
-559 4405 0
-3131 -1671 0
-2700 -4649 0
206 2012 0
-1815 -621 0
2934 701 0
1528 2697 0
-1982 1539 0
2711 -4168 0
1254 -2275 0
-3964 -330 0
4124 3761 0
4257 -1568 0
-3059 -1109 0
4483 4273 0
-132 -1171 0
2847 500 0
2134 2973 0
4198 663 0
-2961 -4422 0
-945 -952 0
-4269 -162 0
-332 -2272 0
2977 3244 0
1733 1075 0
-2999 4088 0
905 2356 0
3128 655 0
-992 4778 0
-567 4790 0
-3502 1236 0
935 -3581 0
1313 -4835 0
-2939 475 0
-3040 -4618 0
-127 2648 0
-2722 3508 0
-2950 -3760 0
546 3469 0
-808 4572 0
4560 182 0
-578 -1710 0
-2791 -3073 0
-548 3350 0
3721 1516 0
2616 -3676 0
177 2747 0
4200 -2545 0
2637 2200 0
629 -4610 0
-4418 3962 0
3996 1909 0
2431 -1070 0
-782 4554 0
4301 -4222 0
2816 3599 0
3548 4846 0
-2484 -3867 0
1584 -1604 0
-3802 4990 0
-2061 -3401 0
-2567 2775 0
-715 3346 0
37 -13 0
-2146 4720 0
-2816 4456 0
2788 -262 0
-4143 -4319 0
-2810 -2284 0
3695 -2154 0
3990 -2201 0
702 310 0
-3190 -1081 0
4136 540 0
-2945 -4026 0
-3553 -3483 0
1052 4094 0
-2972 3498 0
619 -4953 0
-3590 2446 0
-2546 3453 0
-1982 -722 0
3114 -4008 0
-1371 1887 0
-4955 -2233 0
1942 -3807 0
3629 3145 0
-368 -4595 0
-4514 -611 0
3744 4624 0
4504 113 0
-3184 -2313 0
1650 -2292 0
-4532 -1339 0
1583 3740 0
2442 3697 0
-3036 4827 0
-1150 159 0
-1193 3878 0
-605 -3043 0
-629 4860 0
771 2770 0
3046 4456 0
3254 937 0
-2463 292 0
288 -1891 0
3999 -53 0
-2237 -3877 0
3280 -4073 0
-4142 -2984 0
-4608 3232 0
545 -3174 0
3122 -309 0
-2195 4009 0
1856 3308 0
-1793 1732 0
862 -4996 0
812 -1673 0
-1147 2256 0
-2644 -2647 0
-3718 -745 0
611 3658 0
-4100 1498 0
3176 4053 0
-4836 4200 0
2159 -3649 0
-4178 2544 0
-2826 -521 0
4994 3899 0
-4861 3130 0
-3989 -881 0
-3853 3654 0
4390 -4562 0
2357 -1804 0
-1273 2094 0
293 -3560 0
2569 -3717 0
1413 -4030 0
-1280 -1551 0
-3519 2390 0
3481 91 0
-4566 -1998 0
1563 -3805 0
3784 4973 0
-184 2580 0
-42 3373 0
-4826 1006 0
-3749 -4017 0
3908 2913 0
2024 20 0
2824 1789 0
1738 -3907 0
2370 -838 0
-2383 -1645 0
4497 -2395 0
-1890 -260 0
1465 922 0
-1948 -3707 0
-3207 2547 0
-3105 -3880 0
-2151 -1356 0
616 886 0
-1283 3336 0
-2467 -3369 0
-4398 -3380 0
-4370 1024 0
603 2573 0
-3057 -730 0
-2738 1793 0
720 4094 0
931 -4021 0
2148 -893 0
6 1071 0
-1501 -3502 0
3510 -275 0
4754 842 0
-3035 -2301 0
-1508 -3932 0
-933 -623 0
3722 694 0
-1105 2959 0
-2902 -3611 0
-686 3892 0
-3722 511 0
-4486 -3459 0
-989 -2784 0
-3825 1782 0
3797 300 0
3598 4660 0
-284 -669 0
-4082 2184 0
-2104 -4443 0
-1700 -4855 0
4603 4333 0
-839 2085 0
-16 1885 0
3316 4201 0
-650 4935 0
-911 3161 0
-2112 -2956 0
4580 1798 0
-2058 3263 0
3958 -601 0
4031 -3885 0
-884 -4061 0
-3883 -4177 0
-3149 2397 0
-4619 -575 0
346 -827 0
4462 1979 0
1358 -4620 0
-831 -4972 0
3598 4055 0
4855 682 0
-2759 232 0
2805 -1372 0
-4955 3135 0
-673 -1984 0
-239 -2193 0
885 2741 0
2524 -3424 0
-4272 4882 0
1734 -4178 0
717 2101 0
-4350 1961 0
113 -3427 0
1463 3617 0
-433 3297 0
-4089 1233 0
-4232 -163 0
4768 565 0
2234 1384 0
4112 462 0
-862 1300 0
4260 4032 0
1935 -509 0
-4131 2297 0
-446 -246 0
3186 -2796 0
-4512 -4538 0
-4072 -3219 0
-644 2748 0
-3973 4336 0
-1371 1536 0
-2531 -2562 0
3055 -197 0
398 4993 0
3365 -88 0
753 664 0
2428 -3552 0
3933 -4261 0
4552 -2636 0
-3273 4256 0
137 1120 0
-3082 2530 0
-435 -3640 0
4525 -2108 0
-3757 1037 0
2884 -2524 0
957 -1094 0
1530 4235 0
4713 -329 0
2595 784 0
-4177 4778 0
3961 650 0
-3666 4255 0
1118 1975 0
-2608 2721 0
2184 -10 0
3059 1946 0
-857 3731 0
4553 -2655 0
-2183 63 0
-2645 960 0
1097 216 0
-1664 -3540 0
2647 559 0
-3842 -4199 0
2995 -826 0
1469 4786 0
-624 473 0
-1838 944 0
-481 1900 0
3881 -3086 0
-2487 -3882 0
-2741 -4001 0
2731 638 0
2163 2413 0
192 -4122 0
-4851 -4675 0
-1974 3625 0
170 -3435 0
2317 1763 0
217 3209 0
-510 -3681 0
4367 1079 0
823 -4010 0
993 -4141 0
-3756 4375 0
1691 2827 0
-660 -1314 0
-4522 -885 0
3466 2345 0
2576 -93 0
4986 -4317 0
-1918 -4476 0
-1412 -4818 0
-1858 2689 0
1138 4970 0
2338 -4382 0
-4907 -2499 0
1414 -1749 0
-3573 2064 0
2550 3636 0
3983 4267 0
3018 -1628 0
-1480 -4474 0
694 -2369 0
3251 -195 0
-2146 264 0
-3136 -2235 0
-118 -490 0
-2540 442 0
-953 -4602 0
598 -4795 0
4484 -763 0
2575 -4921 0
3974 709 0
-138 -63 0
1286 4122 0
-2612 4307 0
1960 -794 0
1580 -2311 0
-3649 -4637 0
-111 3242 0
-2158 -2116 0
3710 2713 0
-1172 4007 0
-683 896 0
3303 -2029 0
4729 -3575 0
1379 76 0
4178 3936 0
-3278 -700 0
3668 -1806 0
2530 -3366 0
-3901 -15 0
-409 2910 0
-4739 -981 0
2766 -257 0
-3274 -1366 0
699 -1584 0
-2445 -712 0
-1432 4528 0
420 159 0
1668 -1466 0
-4465 -774 0
-3034 -3066 0
4034 4210 0
997 -755 0
2727 3841 0
341 -3152 0
2209 -2512 0
3088 3580 0
-2771 1615 0
1729 -2452 0
3005 504 0
-3975 -3670 0
-142 -2916 0
1851 -2232 0
-1894 3314 0
4120 2633 0
1795 3795 0
1417 -771 0
-4602 2105 0
-2175 4609 0
3634 -4288 0
-4797 -4707 0
604 3065 0
-2007 4476 0
2175 -3113 0
-2236 -3979 0
610 4008 0
-4222 1510 0
-2663 -3416 0
-710 -29 0
-1627 -107 0
-2771 1178 0
-588 -4834 0
-3536 4127 0
-1593 2877 0
-2416 -1131 0
1927 842 0
4754 -3593 0
2926 -589 0
-1470 4936 0
4967 -3887 0
4691 4315 0
3163 -1675 0
2214 1884 0
4216 -2112 0
784 1423 0
4894 4931 0
4056 3102 0
-911 -4609 0
-1101 -1871 0
-393 -233 0
1192 -1814 0
2834 834 0
-4019 -1963 0
-4276 -2831 0
135 -589 0
2628 -4444 0
2734 1771 0
-4919 4606 0
1169 -3269 0
1288 3541 0
3887 -1064 0
-2595 -4213 0
4436 3516 0
-1253 2844 0
-4782 -1311 0
82 4407 0
627 4491 0
2166 2848 0
-297 -3638 0
-1861 -1854 0
-1833 1119 0
-3336 3890 0
305 1025 0
-1939 4897 0
-4186 948 0
-4537 1556 0
290 3577 0
2292 1107 0
-1964 -1809 0
-1206 2549 0
256 708 0
2375 -1967 0
-4630 -2153 0
3483 4357 0
-3886 -1193 0
13 1539 0
1971 343 0
-1747 4807 0
-1129 632 0
-3221 817 0
-985 -4817 0
4860 471 0
1719 -1145 0
-4159 2678 0
-3807 -4029 0
-2239 -1897 0
-2310 2877 0
-1538 -3025 0
-3363 1335 0
3186 -2759 0
2900 818 0
1413 -970 0
3366 1231 0
-4455 -3359 0
4097 2600 0
-181 -212 0
2832 -2941 0
-2735 2121 0
3543 3013 0
-3977 4741 0
2672 -3265 0
-727 2416 0
-284 -1338 0
-4234 -2422 0
-868 -4534 0
2655 -465 0
1012 3417 0
1611 -1385 0
-4769 -1690 0
1737 3960 0
-3836 -1705 0
-4169 4431 0
-1708 -996 0
-3466 -902 0
-3228 -2456 0
-3003 -2347 0
1133 4845 0
-4145 585 0
3463 -3824 0
134 3173 0
-1400 -2046 0
3982 2532 0
1081 -1483 0
1277 -2334 0
-4770 582 0
4888 -2027 0
-4235 3855 0
106 -29 0
-1228 -392 0
2820 2490 0
-2027 -3023 0
4925 -731 0
-4234 -3559 0
-413 314 0
2108 275 0
4572 -4407 0
3651 -4908 0
3300 738 0
1401 -2030 0
-2251 2675 0
-2574 1281 0
1310 1824 0
-3554 -301 0
1971 885 0
-1794 118 0
4495 465 0
-1276 4972 0
2612 3575 0
-4700 4003 0
-3761 -2441 0
-4955 2412 0
-3353 1381 0
-2547 -3090 0
-3210 2824 0
4402 -1802 0
-1128 -2718 0
1433 3932 0
3978 3161 0
3370 -571 0
-1879 -1705 0
-734 -339 0
-3208 -2531 0
2338 4703 0
-1392 3648 0
790 3199 0
-1732 4336 0
2986 69 0
3857 2383 0
437 -1378 0
-1533 -1203 0
280 4183 0
4343 -1725 0
118 2604 0
1740 340 0
108 -1157 0
-583 -98 0
-701 3445 0
-4312 1593 0
2742 -363 0
4421 2588 0
4313 2879 0
-3338 -314 0
2079 -1837 0
-570 1979 0
-3229 -4053 0
1531 -1278 0
100 -2875 0
-2783 -1393 0
932 -3054 0
3671 936 0
-3749 1817 0
276 -2759 0
-1199 4592 0
-2272 -2289 0
1243 -2143 0
4115 -4668 0
2859 -4346 0
-2208 547 0
-4789 2767 0
-2583 2393 0
-1199 -3439 0
-1000 -3360 0
-4439 3630 0
1343 4920 0
-1705 1738 0
2189 -634 0
-41 -3992 0
147 -2733 0
4351 -3348 0
-4825 718 0
-1069 -851 0
3861 -2319 0
-4884 -1422 0
2897 -2253 0
3325 -4561 0
2865 -2628 0
-2897 1095 0
-3222 4944 0
-3970 2067 0
-2284 1428 0
2484 4623 0
390 -766 0
3703 -3580 0
-77 3557 0
-3040 -1347 0
1230 -3284 0
4135 3858 0
3383 -1740 0
-2711 -1220 0
4305 4320 0
886 2287 0
-103 3608 0
-4708 -4527 0
-1625 -2328 0
1718 -3350 0
2428 -726 0
3375 -125 0
-4154 2289 0
4374 3585 0
1984 -140 0
4946 3789 0
1124 -4180 0
1595 1304 0
3692 -2205 0
-3924 1592 0
-4789 2131 0
-3071 -3453 0
4695 -1038 0
-3918 1864 0
-9 -4180 0
4036 -3259 0
3731 4979 0
-345 4745 0
2211 -4086 0
-2642 439 0
3980 254 0
-1230 -246 0
-3622 3403 0
2620 570 0
698 1231 0
3478 -334 0
-2231 1480 0
4432 4401 0
3507 -4613 0
3923 3660 0
-2493 -1904 0
777 3414 0
-155 -1378 0
-1791 3537 0
-3186 2060 0
-1967 2838 0
-4920 1656 0
1473 2341 0
-4930 4189 0
-846 3514 0
4023 4973 0
-3065 874 0
290 29 0
-2232 -1300 0
-740 -4937 0
-834 -1314 0
-3706 2069 0
3995 -1738 0
-1563 118 0
-1410 -1076 0
-1066 1098 0
-1975 3009 0
-2936 1298 0
-3955 2309 0
-73 -133 0
-4430 -512 0
2761 2362 0
4575 -3398 0
-4569 -1808 0
-1759 4423 0
332 -3214 0
1681 1456 0
349 4775 0
1896 -426 0
-2079 602 0
3994 -4113 0
3014 -3437 0
509 -2678 0
526 4495 0
3245 -4618 0
-3752 -1909 0
-4221 -238 0
-4771 -2696 0
1073 -401 0
2961 -1109 0
-1335 -4731 0
-249 -1792 0
3449 2811 0
3617 -248 0
-399 3713 0
-2521 4415 0
-375 1278 0
-3732 -2434 0
-1292 -3445 0
-2096 4798 0
-3126 -3116 0
1300 -3403 0
4784 641 0
-3472 4561 0
-4398 -1046 0
-3977 -4166 0
-2520 -4389 0
-4620 1322 0
3712 -2995 0
-4486 4319 0
605 -23 0
-885 4084 0
-2865 238 0
2617 221 0
-1494 1748 0
-3412 2892 0
-2336 -4520 0
-2235 -3026 0
1434 -4981 0
-3655 2946 0
3955 -4771 0
1337 1151 0
2070 -4115 0
-4310 -2176 0
1832 2320 0
-2861 1544 0
-2810 -4169 0
2240 -703 0
-845 674 0
4476 2281 0
-1502 1253 0
-4382 -4426 0
-1051 4188 0
-3728 -1794 0
-540 1468 0
65 589 0
-4097 -4242 0
155 2594 0
-872 -1431 0
1260 -418 0
-4937 4029 0
-1235 899 0
451 -1598 0
1822 -1121 0
216 -349 0
2090 -2214 0
19 -1386 0
-820 -4544 0
3730 2382 0
3277 4541 0
1527 -4883 0
-4865 -2983 0
-4968 -308 0
-2496 -3548 0
-788 -1248 0
-4829 -1458 0
4968 -4105 0
-364 -765 0
446 3808 0
-4685 -1452 0
18 -2834 0
-3765 -3588 0
-2042 -905 0
748 4773 0
1021 -371 0
1277 4013 0
-3045 -1183 0
-2078 4469 0
-3147 -308 0
3300 -3378 0
3768 -2099 0
975 -4725 0
-3395 -1755 0
-4814 3565 0
-793 1033 0
-4380 4264 0
1950 2014 0
2474 511 0
-3701 3434 0
-1306 -323 0
-2642 -1992 0
1463 -705 0
-2443 -3373 0
-3681 -3163 0
2883 2846 0
-692 -1443 0
-4472 668 0
2336 2313 0
3332 2146 0
4388 4276 0
2619 2803 0
3773 4830 0
-1141 -2240 0
2160 4461 0
285 4210 0
54 -3620 0
-1264 1288 0
-2891 1556 0
1010 3567 0
849 218 0
-1096 1606 0
-1160 2238 0
-4197 -1756 0
-752 -3247 0
4336 3287 0
-3787 -133 0
3077 2839 0
3398 3098 0
3747 -984 0
-1893 1158 0
3656 -646 0
-813 4790 0
-1256 3735 0
-1786 -2889 0
-576 -2369 0
4326 -2366 0
395 -186 0
-2681 1463 0
1175 -66 0
-4625 -58 0
-4363 -3643 0
-1979 3597 0
3537 -2655 0
-4576 -3391 0
-355 -4139 0
2362 -1607 0
-2102 2355 0
1302 3637 0
3773 -1604 0
4455 -1432 0
1349 -4289 0
3377 -3266 0
2420 4232 0
2162 1376 0
1779 1105 0
4546 2861 0
-4898 -4402 0
-1646 -2755 0
1294 338 0
-4144 -3952 0
2774 470 0
4288 1850 0
-4333 3734 0
-4432 193 0
-893 -4997 0
-2260 4956 0
-560 2785 0
-1763 1352 0
-2550 -4359 0
-3622 4751 0
1668 4379 0
-3363 -2015 0
2091 1973 0
132 3651 0
-3535 4167 0
2848 -1080 0
-3502 -4769 0
1018 -2911 0
1630 -4704 0
1379 -4073 0
-4666 4401 0
-36 -2623 0
1706 -2102 0
-2836 -1754 0
3595 2081 0
3646 -121 0
-1705 3814 0
937 -4895 0
3660 4931 0
2379 -2861 0
-4532 -2731 0
-1510 -3680 0
-4611 1338 0
3555 -4402 0
4846 4402 0
1260 -1569 0
-3544 302 0
453 -4607 0
1584 2067 0
-4936 631 0
-4939 3358 0
-1632 1261 0
4927 2860 0
4594 -1918 0
-1494 -3495 0
399 3237 0
1386 2744 0
1696 3395 0
-2704 2064 0
3267 1164 0
-273 -2743 0
4568 140 0
4348 -4135 0
-1776 3508 0
4681 -2652 0
1579 -4122 0
-565 -2732 0
3297 4731 0
-2868 -4834 0
1141 4030 0
-2726 4187 0
4978 -1568 0
2381 -415 0
-556 1465 0
-4062 -1576 0
-2173 -3446 0
-4024 -1039 0
-3699 4933 0
4850 2134 0
-2152 953 0
897 -2841 0
-4849 -1599 0
-4650 -956 0
-1656 668 0
724 4132 0
-2098 4634 0
-2919 -623 0
2687 -471 0
1453 -3689 0
1641 3139 0
-1737 4195 0
-4820 -182 0
2348 3148 0
-4337 3637 0
812 -4798 0
-2697 3520 0
1699 965 0
402 3042 0
2438 1273 0
-3130 -1055 0
-1726 1422 0
-2347 -4617 0
1426 4127 0
4972 496 0
-1043 1127 0
-4191 -2543 0
2019 -2648 0
1605 4460 0
3513 -3668 0
2557 2668 0
-690 4082 0
-678 4296 0
4867 -3214 0
-1474 -4081 0
3816 1537 0
-2596 2046 0
4713 -1584 0
-3356 2155 0
2561 2307 0
-2602 3633 0
130 -3608 0
-2308 4924 0
-4339 -210 0
215 1232 0
-4090 -4271 0
-2774 662 0
1641 -79 0
4886 -4543 0
1302 499 0
-1545 3593 0
4119 -1299 0
-2471 -4043 0
-606 1921 0
-2846 4053 0
-1523 -3965 0
1487 4230 0
-2554 -1923 0
-275 -404 0
-1888 2206 0
1480 -1718 0
618 -1914 0
3927 -2386 0
2848 1304 0
-2753 132 0
-4891 270 0
-2969 -2803 0
3002 2328 0
1505 883 0
-1224 -881 0
2832 1881 0
-4565 -921 0
-173 -276 0
-4770 4575 0
-1570 -1538 0
-3303 -2241 0
-4483 3718 0
3381 -351 0
3934 4836 0
1120 472 0
-2748 -2463 0
3292 646 0
3516 3472 0
2730 -4391 0
1833 2979 0
1775 -518 0
-991 -2111 0
-1267 -2872 0
108 4984 0
3245 -2180 0
-449 361 0
1076 3329 0
-2976 2259 0
-3116 366 0
1105 1843 0
2844 -2734 0
223 2868 0
2368 -144 0
890 901 0
-4735 4702 0
2979 -2199 0
-1882 3286 0
-3505 -219 0
-2079 666 0
-1520 -2250 0
178 144 0
2993 4357 0
4135 -3198 0
-2270 2572 0
-3106 2681 0
-2870 -1302 0
-1685 -2938 0
3165 4384 0
-2903 499 0
3152 2683 0
94 1569 0
-3896 -4074 0
-4249 -4734 0
347 -2075 0
2414 -3337 0
-2874 4343 0
2657 -3062 0
572 755 0
2215 -81 0
-1498 -154 0
-4596 -2093 0
2593 -217 0
1728 4497 0
-3370 -2565 0
4654 -3132 0
-2756 -2733 0
4148 659 0
1986 -1261 0
-859 -3724 0
-223 -1403 0
1405 -1724 0
-1541 -1083 0
2298 -2442 0
-1474 2770 0
188 -1520 0
-1963 4975 0
1502 915 0
52 982 0
-506 1006 0
-1266 3298 0
4822 -3717 0
-763 3202 0
-536 -44 0
3188 -918 0
3471 2798 0
2885 1045 0
-2787 549 0
3072 4476 0
-1310 211 0
2980 3437 0
-1976 -3104 0
1469 -3748 0
4027 -2061 0
-2584 753 0
4801 4561 0
4277 -4951 0
-4085 -3279 0
1953 3761 0
2362 -4872 0
-3202 3517 0
3121 -1430 0
4657 -3460 0
1674 -576 0
2880 2664 0
4723 -1649 0
-2208 -404 0
-771 -1366 0
2580 1533 0
423 3354 0
-3747 -3994 0
2876 4728 0
1881 -4740 0
-1328 -245 0
2494 -1759 0
1631 1634 0
4784 2609 0
-1257 -4669 0
3279 860 0
4279 662 0
-166 -1392 0
3009 -303 0
-248 -2405 0
-1271 -1795 0
2948 2974 0
-2586 -1247 0
-3304 -3811 0
2206 4132 0
-2536 -1476 0
1444 -111 0
-3838 -3907 0
-927 -81 0
-3823 -1316 0
4825 -2646 0
-166 -4428 0
-3816 -3400 0
-4263 -3569 0
1737 528 0
2653 4647 0
-815 -1419 0
1487 3933 0
138 -2577 0
-3485 3458 0
1715 1317 0
4629 2130 0
3148 3189 0
-2621 4286 0
-3763 4520 0
271 1487 0
3656 -1514 0
-3632 -2966 0
-1257 -3442 0
-4877 244 0
4307 -771 0
377 -1379 0
-3530 4601 0
-3666 1557 0
-3712 -2856 0
-4349 -1920 0
2156 -2217 0
1333 1773 0
429 -4271 0
-995 -4517 0
-1911 1439 0
-1549 -4874 0
-3825 221 0
-2475 -2230 0
-3174 -1713 0
4238 4319 0
-4419 3260 0
1240 -3325 0
3313 -3400 0
4965 -1547 0
3823 -1865 0
-1112 -3150 0
2678 2781 0
586 -3715 0
-2078 -795 0
3516 993 0
4419 2337 0
766 -3335 0
-1387 -1739 0
4519 -206 0
3981 1103 0
3426 1561 0
-1620 -4471 0
2523 -1097 0
-1540 -4808 0
-471 -1238 0
-4978 2244 0
2172 -310 0
-4287 3235 0
-1206 -1639 0
-4099 1006 0
275 816 0
-3569 -1400 0
4877 -564 0
486 4542 0
1414 -3062 0
2342 -748 0
1155 3793 0
-2919 -2665 0
2478 417 0
-1849 -4687 0
-2345 1351 0
2177 4602 0
-2316 3212 0
-3964 1200 0
2485 1579 0
990 4424 0
-853 -2405 0
-3563 4171 0
-3067 -2880 0
-937 -1776 0
2422 3205 0
-2166 -2926 0
3552 3905 0
1192 1981 0
-1238 -2272 0
-3392 -1924 0
-1940 3707 0
-2519 -680 0
-2827 3310 0
-799 1049 0
-2608 3072 0
-3267 756 0
97 -1618 0
-506 -4839 0
-3963 -4667 0
-3573 -1303 0
-2460 2388 0
-991 4086 0
3145 -3672 0
-397 2764 0
1469 -2461 0
-2360 1342 0
-535 2591 0
-3645 -3979 0
-629 1672 0
-2737 -42 0
2272 1188 0
93 -2688 0
356 -1638 0
-3563 3847 0
-992 -4012 0
3122 -3769 0
-4616 -1769 0
-208 3561 0
2442 2423 0
-1039 -1581 0
1379 -4005 0
-858 -3012 0
3796 -831 0
-2657 -4214 0
-253 -1983 0
4212 -4107 0
-755 970 0
-4276 -30 0
1723 -2132 0
-4363 866 0
-1771 -3766 0
-4974 -4172 0
635 -2469 0
-2370 699 0
-384 949 0
4401 -2633 0
841 2762 0
1931 -1293 0
4720 -4343 0
-1804 2811 0
599 -2496 0
4175 3971 0
-765 -2155 0
1967 -217 0
-1394 2031 0
3859 1069 0
-3143 3476 0
991 -3682 0
-4405 -1606 0
271 -4779 0
-3740 -4945 0
-107 -2143 0
-1475 -1541 0
3148 1612 0
-3226 -2423 0
-2427 -2785 0
98 -676 0
4383 3936 0
-842 583 0
-3422 4670 0
-914 999 0
-2854 3770 0
-2550 -332 0
-2405 2111 0
290 361 0
-2785 3187 0
1582 2539 0
-914 -1514 0
-2581 -3694 0
4477 -4371 0
1692 1253 0
2327 1834 0
-3951 4472 0
-2520 -4680 0
4146 -3155 0
3944 779 0
-228 3560 0
3683 689 0
3903 240 0
412 -1615 0
-2587 1251 0
2139 2456 0
-908 389 0
-1081 -3894 0
2246 2211 0
-3177 2519 0
-3182 4476 0
3096 -106 0
3094 -2008 0
-4527 4687 0
1700 3531 0
-2404 3799 0
-1218 -4669 0
-3968 3435 0
-2031 -1690 0
-3971 -2081 0
-1509 1749 0
-4628 -4071 0
66 -1249 0
-3193 -488 0
411 -953 0
4298 2466 0
-3148 1627 0
-307 -4451 0
1960 -2653 0
1948 2448 0
-342 -4025 0
3935 -1887 0
-2249 3852 0
-2651 -4023 0
3950 1809 0
-2257 4610 0
-2896 2316 0
3346 -1976 0
3670 4986 0
-4035 1400 0
-4013 4625 0
4844 172 0
-1954 4529 0
3491 4766 0
2318 -2292 0
3141 1475 0
675 -3397 0
4559 -1008 0
-1523 -144 0
-3680 -2416 0
2332 4238 0
962 3981 0
-4372 -4420 0
2659 -993 0
2253 -2925 0
-3326 4341 0
3102 -2008 0
-4097 -3284 0
309 3089 0
3303 4226 0
-1997 -371 0
1617 1388 0
3350 4409 0
2590 2539 0
2670 1177 0
-3599 3020 0
-846 1872 0
1914 1974 0
2332 4151 0
-2799 3611 0
-1630 -1948 0
837 -4524 0
1707 3897 0
-1029 -956 0
-3977 581 0
-2200 -1130 0
758 -1727 0
-4408 466 0
-4777 2380 0
-66 2457 0
4496 3167 0
-4936 -4555 0
879 1334 0
29 -483 0
-4607 -1097 0
3292 3382 0
3088 -3736 0
933 96 0
-3532 -2968 0
4027 -1024 0
1257 -1374 0
-1878 -1642 0
-4410 -315 0
1259 -563 0
4534 1158 0
-3774 251 0
-4956 2414 0
660 -1690 0
-2730 4894 0
2892 -575 0
1932 1815 0
-3102 -1829 0
-3423 -3062 0
2352 -4746 0
4037 536 0
-6 2157 0
-4487 3834 0
4764 350 0
-4667 1208 0
3686 3951 0
-4349 -4712 0
-2930 -4461 0
-1226 -1079 0
679 3939 0
4657 -4864 0
770 2946 0
-1375 -4898 0
-2909 -2537 0
1583 2137 0
1009 657 0
1507 2674 0
4938 -3517 0
-598 138 0
1496 4935 0
-2609 -1240 0
793 -1383 0
-4698 2825 0
473 3477 0
4453 2114 0
-3609 1592 0
-1788 -1466 0
-928 2332 0
980 3690 0
-2900 1709 0
3316 -2692 0
1064 4412 0
4511 -3110 0
-4999 1395 0
-1785 4783 0
3001 -2231 0
-376 2834 0
3652 2298 0
-3656 -702 0
-1492 742 0
1095 -1348 0
782 -4212 0
3703 2408 0
-381 1444 0
-1226 -37 0
-87 4569 0
-1827 -3277 0
4435 -3014 0
-1551 3865 0
3102 -1562 0
-305 3769 0
-2782 -19 0
2203 3956 0
-3657 -2189 0
-4278 -2778 0
4035 -1743 0
918 239 0
-1499 -690 0
771 -421 0
-1485 -2762 0
3094 -3681 0
-2153 3586 0
3726 2406 0
-4961 -2907 0
3653 3039 0
-3515 1225 0
-3049 -3969 0
-2222 -400 0
748 3118 0
-801 -461 0
-1241 -1284 0
3466 -820 0
3705 3661 0
894 -4905 0
828 3881 0
-1009 -1593 0
-2725 -3653 0
-1216 -4728 0
1217 -111 0
495 762 0
4686 -250 0
2536 -1009 0
727 641 0
-4582 -181 0
633 3744 0
3915 2910 0
-1541 -2569 0
-4314 -402 0
-1992 2503 0
-2717 -238 0
2477 566 0
-4434 -4659 0
4893 1163 0
3183 -4110 0
-3485 972 0
-4172 -1223 0
3941 4970 0
3028 -3495 0
841 1544 0
-1998 1265 0
-3816 -1076 0
1488 -3569 0
-384 3654 0
2368 -395 0
-689 -4593 0
-2435 -3428 0
1468 -581 0
3358 1437 0
-1130 298 0
625 3419 0
3001 1490 0
-1038 -1532 0
-332 -1773 0
2646 1594 0
-2418 -4934 0
-4849 2081 0
-116 2859 0
1805 626 0
-1773 2404 0
3503 -743 0
-1147 -921 0
2615 -1284 0
1203 -467 0
952 -599 0
2902 -3439 0
-2218 4196 0
4658 4506 0
3236 4301 0
-2878 -3143 0
-1732 2239 0
-462 4584 0
2019 2260 0
4094 1567 0
4962 -4021 0
4830 1572 0
-2405 3862 0
-1468 -2817 0
740 -4533 0
-4043 -1844 0
3258 -2507 0
-2334 -4537 0
-957 -2274 0
2171 974 0
-3365 -2724 0
777 2985 0
-1207 251 0
496 4160 0
-3288 -1926 0
-180 -4482 0
-2445 2920 0
-4647 -2151 0
4452 -4282 0
-1461 -2699 0
3199 2860 0
845 3818 0
-1468 -923 0
-561 -3614 0
956 1719 0
3649 -2805 0
4906 132 0
1482 2141 0
2200 -1099 0
-2896 3224 0
-4920 3212 0
-564 -3310 0
-2338 -4344 0
162 -2910 0
3556 1567 0
4361 -3055 0
3218 2611 0
-2049 -3465 0
1858 2033 0
4542 2435 0
-2383 -2882 0
-4520 446 0
-2146 -2636 0
2917 4741 0
195 2391 0
-4916 4432 0
-3588 91 0
-246 1158 0
3561 2024 0
-624 -115 0
1695 4638 0
4023 -4449 0
-4960 -812 0
-3232 -4537 0
1760 -883 0
4731 -1083 0
2387 4287 0
-892 898 0
1396 664 0
3858 3259 0
-2724 -3680 0
126 2625 0
-3354 -3507 0
-846 3056 0
2790 -3745 0
-4125 3503 0
4459 3524 0
4080 4893 0
2456 -3411 0
-2943 3532 0
-4772 -2118 0
2757 3583 0
352 -3202 0
3824 -686 0
-2195 -4865 0
967 2041 0
-3428 -1354 0
-3424 -2599 0
-600 2114 0
-568 3505 0
-2223 2706 0
-3635 -4067 0
3671 4997 0
-4626 4845 0
932 -2930 0
-1257 3232 0
-3047 3578 0
2528 2232 0
-4320 -839 0
3055 -2814 0
3677 -2470 0
-3839 1889 0
-3074 -1494 0
-1862 -3271 0
-1574 3154 0
2899 -2098 0
-379 -3365 0
-4208 -4158 0
-824 2452 0
1108 3124 0
1987 -4814 0
2308 1167 0
-2359 -336 0
-1101 -3475 0
4666 -1914 0
-1884 -3111 0
3453 4174 0
-4717 1463 0
2847 3551 0
1097 -4461 0
3767 -4118 0
-1750 3724 0
-1243 3912 0
-122 218 0
3595 -661 0
-4520 -2435 0
2806 -3322 0
-2207 283 0
2005 2223 0
-2380 -530 0
-2812 -1309 0
3679 -3239 0
4256 2503 0
862 -1511 0
4232 -1530 0
-866 -3571 0
-2641 -349 0
3599 3137 0
3515 4447 0
1785 4839 0
-2374 -1474 0
2048 -568 0
-4712 1835 0
1586 2749 0
-1935 -555 0
142 2399 0
537 -3059 0
-3854 -966 0
-4550 2016 0
-3846 4185 0
-2659 -4573 0
-4470 -722 0
-2402 963 0
-724 4493 0
-3318 -920 0
3205 1275 0
-4905 2117 0
2021 -1649 0
-1593 1614 0
-767 1390 0
3756 -329 0
-2170 235 0
-4913 2721 0
-1717 -3377 0
-1285 -4224 0
4908 -3187 0
-4721 -3546 0
-1503 4868 0
-3115 -4002 0
4605 1804 0
-2064 -4823 0
-2780 3879 0
-1728 2249 0
-386 -1712 0
104 -4946 0
1808 2208 0
-4439 4026 0
-2848 1171 0
-2127 1493 0
-2250 -1725 0
-4477 -954 0
-4556 -3472 0
3217 -1677 0
-345 -1601 0
-3312 3991 0
-3854 2469 0
4390 4845 0
3513 -785 0
2350 -3049 0
2975 3088 0
1715 1070 0
2887 -1478 0
4172 3836 0
2025 -705 0
3187 3572 0
3438 3732 0
-2375 1497 0
3089 3362 0
4727 -1582 0
2745 -54 0
589 4026 0
-4092 -2598 0
3149 1383 0
1543 4444 0
4464 3323 0
2476 1311 0
-539 4924 0
-690 -1018 0
4862 -4141 0
4367 -923 0
1271 4519 0
-1407 3350 0
-2308 648 0
-3496 2461 0
734 -3262 0
-4436 680 0
790 1350 0
-1357 -4025 0
647 -1663 0
-2891 -1626 0
-2134 4715 0
-3464 3642 0
4805 1805 0
868 2997 0
61 -3529 0
-949 1168 0
-1297 -673 0
106 113 0
4435 2732 0
1782 809 0
113 -1639 0
1064 2448 0
1266 3896 0
-3520 -1101 0
-1127 -3344 0
3837 -632 0
-4807 -946 0
-1450 687 0
3681 -2701 0
3472 -901 0
2258 -4908 0
-2292 3422 0
-4172 1602 0
2695 3925 0
4788 -215 0
-1003 2918 0
1262 -4227 0
-4774 -631 0
170 4906 0
2967 4117 0
-801 -1256 0
-1487 576 0
-1817 1847 0
3362 -4476 0
-4404 -4343 0
-1274 -4940 0
4621 3239 0
-1998 -2423 0
1482 -2841 0
2215 -112 0
-527 -1695 0
-4452 -98 0
-402 -919 0
-4307 -3934 0
11 -2028 0
3746 -3317 0
-4574 -4371 0
320 -3433 0
-2123 -1274 0
-3151 -4015 0
-905 -1896 0
-3261 -1777 0
-3833 -839 0
-3261 3353 0
-3200 -2398 0
-3618 2208 0
1027 -2301 0
-2206 -2535 0
-3426 -4155 0
4914 3402 0
-4057 -1262 0
-1635 2621 0
-4065 -549 0
517 -1174 0
1185 -2105 0
3652 -4897 0
-4819 3011 0
-2129 2891 0
3225 3440 0
1779 -388 0
4998 -302 0
-2457 3188 0
858 -2731 0
-3847 301 0
1541 3169 0
3730 1451 0
2932 3247 0
-4060 -356 0
4166 -2762 0
-2966 -3573 0
-4589 1204 0
-3525 -1472 0
1319 -2279 0
-4132 385 0
-1258 694 0
-3367 1784 0
2746 570 0
38 -31 0
3138 1149 0
-1346 -1100 0
1706 1284 0
-3373 -3025 0
-2392 -3403 0
1271 4979 0
-3834 -659 0
-2198 1813 0
-4231 -709 0
-2811 3884 0
306 -1962 0
1644 -3328 0
-114 3671 0
-3268 4258 0
285 1851 0
3307 -411 0
1394 -610 0
1641 -2637 0
1853 -4355 0
-1628 2673 0
3571 3264 0
3230 -424 0
3628 1372 0
-4317 -1849 0
-2269 -2993 0
-1220 3197 0
454 -3475 0
-1990 -1103 0
1720 3181 0
-1365 -1542 0
413 -762 0
446 -3263 0
2844 2400 0
-4841 -4223 0
1581 -2426 0
-3916 -2954 0
3582 -3115 0
-1411 -2116 0
3056 1685 0
-3642 1836 0
-1095 -2382 0
-3563 2163 0
-3457 -3700 0
-639 -4329 0
4623 952 0
3882 -3669 0
-126 -1839 0
4263 -2190 0
3698 -4596 0
-3986 -3896 0
-391 1126 0
-1752 -78 0
2171 -2771 0
-2712 3716 0
4385 -3816 0
-490 -1069 0
-74 1376 0
-1549 4492 0
-905 -2717 0
-3840 1230 0
3186 -2196 0
-942 821 0
4272 1966 0
-889 701 0
210 3558 0
-1790 -4282 0
3582 4874 0
-2056 -4156 0
562 -1231 0
2087 -1174 0
-1148 -4272 0
1923 4197 0
1662 -4274 0
-397 3731 0
-1603 2693 0
477 348 0
-4643 1235 0
3602 -2122 0
-3692 37 0
536 2118 0
2589 -4520 0
3775 2529 0
-1386 -3873 0
1466 -3197 0
-3427 -629 0
-30 -1617 0
-3808 -1656 0
-3602 -456 0
-1026 2673 0
930 75 0
2275 -23 0
-4913 1004 0
2270 1334 0
-4279 4496 0
795 3503 0
1290 1839 0
-2038 1506 0
-2364 -1451 0
-420 -3268 0
991 4123 0
-461 1994 0
-1000 1313 0
-3724 -113 0
-1306 -4125 0
2650 4949 0
-3934 3564 0
3635 -2330 0
-3538 4703 0
4582 -2252 0
-25 -1888 0
-3380 1250 0
-4152 4137 0
4537 -1665 0
-3908 -3017 0
-345 -1517 0
-659 -4750 0
-429 4888 0
1343 807 0
-2745 -3996 0
1169 -1 0
-3604 -294 0
1710 -4711 0
-297 -4413 0
-2267 -1781 0
1464 -1764 0
2351 449 0
-3432 -3655 0
3564 -3826 0
-15 -4189 0
-945 2350 0
2847 1596 0
794 -3607 0
-1991 1015 0
-1695 -4282 0
-4034 2032 0
-2902 4213 0
1953 -3772 0
4171 -3671 0
3291 -4840 0
-1272 -2217 0
4395 -4552 0
2590 1960 0
-33 -1737 0
-4412 -1130 0
3757 403 0
774 2064 0
-2175 -1267 0
-4009 833 0
-3018 -4927 0
-3437 4862 0
-4286 -3826 0
2379 625 0
486 3175 0
-4674 -4833 0
-2929 2071 0
-3041 4853 0
-4132 -2447 0
2731 -4074 0
-2716 562 0
1703 -445 0
1558 -1767 0
767 -3346 0
-4711 -4802 0
1902 -3377 0
-267 3371 0
2768 -4013 0
2936 4994 0
-1191 -1638 0
-2077 1189 0
447 4695 0
-1679 2420 0
2221 -1518 0
3898 -4651 0
3227 3881 0
-2791 -3470 0
1267 -1779 0
2258 -2649 0
1426 -4748 0
2191 -63 0
3540 -1135 0
3112 -116 0
4325 4880 0
1658 -1719 0
4862 -723 0
-4448 -3240 0
-3313 -593 0
1653 1443 0
2194 1004 0
2840 -3465 0
2646 771 0
-2633 -338 0
2282 4758 0
1495 -3495 0
-48 -154 0
-3779 505 0
2310 -859 0
-4423 3336 0
4171 -3152 0
-3737 -1865 0
1881 -1020 0
1070 -3349 0
1717 -921 0
-1938 -654 0
-903 -4866 0
946 662 0
62 2841 0
3003 3971 0
-1962 1834 0
-5 3626 0
-4516 4730 0
2376 2315 0
-1010 -3876 0
2804 639 0
-1107 321 0
847 -453 0
-582 1521 0
2551 -4555 0
4512 -3461 0
-1017 -4011 0
2926 -853 0
-2919 -2161 0
-1730 -2025 0
-1240 -3525 0
-399 -855 0
-4969 -4877 0
-480 989 0
4996 2546 0
-4392 4008 0
-3623 -4355 0
1084 1130 0
1456 1908 0
-4026 2966 0
-3354 4809 0
4777 -3143 0
4654 -206 0
-3103 2310 0
1329 4394 0
-4160 3825 0
-472 -4009 0
580 -2851 0
-2915 2684 0
1807 -974 0
-3308 -1519 0
3341 1927 0
3219 -3805 0
-2874 -3161 0
1753 -473 0
-2007 666 0
19 1511 0
-1983 4090 0
-4010 -897 0
4010 -660 0
1924 -820 0
2281 4151 0
-3286 2115 0
1920 -4829 0
-3795 834 0
-4498 -2827 0
2918 -3730 0
-3876 -554 0
573 3341 0
-3890 -2239 0
2098 -3174 0
2713 -2556 0
3861 -1212 0
1708 -1216 0
4719 -4684 0
2630 597 0
4347 2615 0
-3613 1135 0
123 -1354 0
-622 -4895 0
1933 2689 0
-1587 -579 0
145 -4897 0
-1012 207 0
-4156 -4001 0
656 351 0
-1898 -3352 0
805 2412 0
-1547 -2904 0
-6 4945 0
3765 -676 0
2441 3315 0
-4599 2779 0
-4136 3876 0
-4476 -1199 0
-2244 1170 0
4583 -2407 0
-4624 2670 0
-2425 4163 0
-4235 -2619 0
-4043 -3255 0
-2421 2143 0
4090 -3185 0
-1523 -4836 0
2932 775 0
-2711 -207 0
4790 4995 0
-1052 1856 0
3161 -3651 0
-846 47 0
-3227 4149 0
-3379 45 0
1999 -3227 0
4436 -421 0
-444 3874 0
2791 -4195 0
-1515 -3731 0
2157 3674 0
-444 -4652 0
4856 -2192 0
-281 -3170 0
1158 1624 0
1930 -1310 0
4259 2562 0
2828 4881 0
-546 -3626 0
-2544 -3590 0
3318 -2598 0
-2689 -4838 0
-511 3199 0
434 870 0
1440 -3759 0
136 3002 0
-4069 -1886 0
-3360 2982 0
697 1124 0
2970 4990 0
2047 -85 0
973 3504 0
1742 703 0
-1215 -2054 0
-4520 2262 0
2537 1516 0
822 -4511 0
4324 -4161 0
-1832 -2049 0
-3126 -1373 0
-1114 -1614 0
-3050 3054 0
-4663 -3809 0
-1322 -3878 0
768 -4844 0
4687 2746 0
-1566 2363 0
4154 -3945 0
-35 817 0
-1685 213 0
3757 2376 0
1313 -2523 0
-4643 1497 0
2236 3245 0
1335 -2708 0
-720 524 0
189 1077 0
3741 3452 0
2289 4687 0
-4904 -2162 0
2558 -2844 0
-2405 3250 0
-3007 1789 0
3401 -3138 0
-2452 -2938 0
1276 4709 0
-441 2632 0
-378 -3348 0
-2511 -2648 0
-2137 3897 0
-1864 -2899 0
-695 3937 0
884 2884 0
-4762 2761 0
3630 -531 0
2600 25 0
-1440 1567 0
2338 2548 0
-1659 238 0
852 1914 0
1948 1090 0
982 1562 0
2 3373 0
1772 2829 0
4925 -4619 0
-1305 2394 0
986 255 0
4269 -3907 0
-3236 -500 0
-2992 -4555 0
-3446 3228 0
-2350 -452 0
-3584 139 0
3556 -4519 0
2445 -4797 0
-3259 -3645 0
4040 1928 0
-2341 -4208 0
1189 807 0
1402 2248 0
-4419 -1302 0
2109 -2014 0
-4999 4680 0
1525 -2815 0
-3420 2298 0
2092 2368 0
4691 -4597 0
-4599 1489 0
-1153 2475 0
551 -3571 0
688 -3435 0
-4677 -4896 0
389 1401 0
4131 -4169 0
-3630 2431 0
-96 1134 0
3895 1144 0
-1625 2955 0
-4599 1699 0
-740 326 0
843 -3285 0
-4978 1406 0
-173 3976 0
-3782 -3392 0
3367 704 0
1692 4769 0
-293 3226 0
1398 3124 0
-1295 3154 0
1471 -434 0
-3735 1731 0
1077 -1387 0
4816 -2710 0
-4411 696 0
-4042 -2976 0
2514 -3704 0
1873 2623 0
1958 -4581 0
-3784 3580 0
-215 2390 0
-63 2083 0
-29 3582 0
2431 -952 0
-318 1761 0
124 2039 0
4768 3829 0
-2452 -998 0
-1173 1691 0
2843 2219 0
-2957 3987 0
3846 4428 0
3938 -541 0
2566 3506 0
4895 -422 0
-2561 -588 0
4115 -3006 0
-107 413 0
2446 1292 0
1616 1216 0
156 -659 0
-2912 2805 0
192 2485 0
1282 427 0
2285 -764 0
-2913 4925 0
1763 -1854 0
1540 3809 0
-1381 -2348 0
-2529 2034 0
-4680 -2515 0
-739 -4062 0
2472 1625 0
-4766 2221 0
1895 -3719 0
3177 1629 0
4750 874 0
4003 -12 0
-4371 4468 0
2074 71 0
-4446 2904 0
4582 1054 0
-1162 869 0
-499 -744 0
-3823 -1532 0
2235 -3313 0
1643 3288 0
-867 -3464 0
2522 1021 0
3277 129 0
-1271 -3669 0
-2700 -3110 0
-4163 4653 0
-4484 -3010 0
-2224 3911 0
1104 121 0
-2283 -4029 0
-652 290 0
-868 422 0
-2962 4468 0
-2345 1747 0
-3675 1607 0
963 1147 0
4841 448 0
3968 1449 0
-531 3174 0
-2660 4085 0
-3086 1045 0
3064 4311 0
-3282 -4577 0
96 4939 0
1818 -2096 0
-2953 485 0
-2770 -740 0
2771 2978 0
-1334 -2431 0
1026 -3670 0
-459 -1703 0
-4143 1225 0
-2187 3186 0
4412 -164 0
-4025 3535 0
1778 1243 0
-3160 -3118 0
-3036 2653 0
336 -70 0
2463 1382 0
-963 2009 0
-1566 -1780 0
2969 787 0
1616 2632 0
4699 1314 0
-1699 2208 0
903 699 0
1782 -313 0
584 4299 0
2390 -131 0
3732 -3917 0
-3950 -4797 0
-194 -2457 0
-3385 -1570 0
-2716 -1569 0
3769 1422 0
674 -1180 0
-2273 -775 0
-358 -511 0
451 4480 0
-3851 3898 0
-2769 4808 0
3231 -1415 0
-1088 -1426 0
3375 4037 0
764 2491 0
3417 2451 0
-4243 40 0
-4374 -4620 0
4357 -4081 0
4987 -3923 0
-3471 890 0
3841 -4192 0
4460 949 0
1094 1272 0
-2671 -518 0
4103 648 0
3618 1967 0
-1742 3629 0
1594 1093 0
4598 1706 0
3288 -1519 0
2178 1605 0
136 -3905 0
-311 -476 0
-2621 -2728 0
157 -3257 0
-4155 2799 0
2369 1704 0
4382 4504 0
-1172 -1612 0
-246 -1679 0
-2405 -4138 0
-4542 -110 0
-3922 1669 0
-4443 1276 0
-4624 -4915 0
559 2697 0
4719 -1752 0
-1465 -3773 0
-1481 3897 0
-3629 -4962 0
1655 3464 0
3330 -2847 0
-2104 1979 0
2550 1185 0
-3920 1276 0
3020 -4946 0
-1335 -1736 0
-3682 230 0
-1619 3654 0
-850 -4112 0
1905 -3757 0
-4422 1509 0
-3577 1221 0
520 2948 0
-424 4900 0
1897 -478 0
-3416 -1700 0
1096 -2542 0
-637 -2391 0
-3019 -1426 0
1555 3316 0
4924 2143 0
2886 3801 0
2422 2680 0
4232 -575 0
2361 -611 0
3800 -2276 0
3323 3999 0
2173 -4349 0
-4109 -627 0
1115 -111 0
-1346 1176 0
-1828 -3027 0
2361 -769 0
123 967 0
-2518 -3178 0
-4077 -4660 0
4742 128 0
-4493 -141 0
4662 -1121 0
373 2731 0
1395 -741 0
1197 2749 0
-3432 -4663 0
-1169 -3607 0
-3092 -3993 0
-3484 -4833 0
880 -2495 0
-1232 -2474 0
1566 1671 0
-2921 833 0
-855 66 0
-2456 -728 0
1100 770 0
3419 1044 0
2863 -1832 0
4631 321 0
3258 -3399 0
-3293 2952 0
-1461 -1279 0
80 2791 0
-2820 3069 0
-1207 -963 0
-1135 2275 0
-2342 3093 0
-3220 -172 0
4092 3924 0
1883 -1755 0
-2049 -4322 0
-2293 2401 0
-3213 3325 0
-795 -272 0
-234 2609 0
2893 4168 0
2134 4387 0
-3163 2173 0
-4094 -3960 0
2011 7 0
2718 3511 0
1933 273 0
581 1907 0
-4240 4120 0
4298 2094 0
-2091 4940 0
-2667 -2933 0
-3565 4568 0
4749 982 0
-2972 84 0
-148 -1975 0
-986 -331 0
1775 1070 0
-527 -1136 0
3689 756 0
-1730 -1446 0
1563 -2309 0
2535 -4973 0
-138 -2747 0
2624 -2055 0
991 -2559 0
1924 -344 0
3230 -4325 0
-4282 -1617 0
-3731 -3174 0
-1822 1677 0
-4113 -3772 0
-3636 -4761 0
-3307 336 0
545 3469 0
3206 -483 0
1443 -3727 0
4347 -715 0
-861 1363 0
2717 2614 0
-3348 1948 0
3307 1074 0
2038 -1750 0
4774 1273 0
3160 -2889 0
-2837 4655 0
4378 -1406 0
-1397 1781 0
3096 4391 0
3783 -1858 0
-4069 2614 0
-2824 106 0
-1577 -958 0
-4499 -767 0
-1261 -2479 0
1917 -3615 0
-4655 -2559 0
-3611 690 0
1678 -4828 0
-2594 -990 0
885 2186 0
-1909 3679 0
4261 261 0
-2449 4848 0
-2028 2000 0
410 -764 0
-3723 -3173 0
1598 3386 0
-786 1047 0
1794 -1790 0
-224 4622 0
2076 -3664 0
-2635 1027 0
2532 4003 0
1048 -1857 0
-3370 -2514 0
-2817 2898 0
-4847 -1127 0
4349 -3657 0
-2475 -4782 0
962 4842 0
-37 4561 0
-2089 -4392 0
2519 -258 0
-1307 -4438 0
-769 -1077 0
-2615 -2794 0
-2749 -2993 0
4285 315 0
-2433 -1874 0
-2881 4323 0
2080 467 0
2700 -3329 0
2242 1359 0
2053 -387 0
-249 -3494 0
4520 431 0
1956 -57 0
445 -3110 0
1547 -4670 0
-429 4317 0
1388 3918 0
-523 -160 0
1757 873 0
517 -205 0
39 -278 0
4768 489 0
-1235 1580 0
-3381 2738 0
-1068 1864 0
4030 2260 0
2880 2310 0
4492 3130 0
957 -3782 0
-1213 3446 0
757 -3282 0
-514 -2209 0
3135 -3933 0
-2809 -2858 0
-2845 -4295 0
-698 -1146 0
-3326 1591 0
2072 2812 0
1984 2508 0
4968 2386 0
-4654 2256 0
861 1699 0
4283 -1657 0
-4904 841 0
4612 922 0
-1093 -381 0
-2280 -3129 0
-3219 1267 0
3948 1682 0
3621 1150 0
-261 -1099 0
1863 3016 0
-284 4224 0
4819 4105 0
-451 143 0
-525 -4274 0
3101 1614 0
-837 374 0
-1722 -4187 0
4502 271 0
3190 3175 0
-442 -3915 0
-4895 -2033 0
2614 4671 0
169 638 0
52 -1479 0
-2372 -3638 0
-2186 -1393 0
-501 -78 0
629 885 0
1742 4340 0
4700 -2972 0
-137 938 0
4983 -862 0
874 400 0
-1522 -4772 0
-4885 -4677 0
-3164 -2862 0
2127 -3703 0
-4264 -2552 0
-4641 3347 0
2597 -4923 0
2407 174 0
-147 3700 0
-1042 4954 0
690 -393 0
1004 -712 0
-3303 -4579 0
-2684 976 0
-61 -36 0
4985 2972 0
4438 2022 0
4695 798 0
-2666 -3891 0
-2880 -236 0
-3323 -2770 0
-890 -4752 0
-2653 -1768 0
-2608 -3267 0
-1616 -3872 0
-350 -944 0
-1362 -1901 0
3933 270 0
2967 2797 0
2447 -2824 0
-2801 2397 0
-3915 -1057 0
2967 -3207 0
-4686 -3287 0
-4271 -2972 0
3823 2007 0
-501 281 0
1576 -1311 0
3184 2740 0
-4002 1122 0
3369 -3977 0
-617 4500 0
-4396 -1778 0
-790 -1428 0
-4203 -3058 0
1248 -1472 0
1276 2447 0
1132 -3236 0
-1876 -2114 0
-2238 -603 0
-2560 818 0
4536 3731 0
850 1248 0
-3526 -1951 0
-750 -2324 0
-4416 2459 0
-3095 2340 0
3607 -3545 0
-3637 -2977 0
-2257 -893 0
4482 -637 0
3432 -1754 0
-209 4925 0
4469 1793 0
-1753 944 0
-741 267 0
1088 3528 0
4715 -3866 0
652 -4883 0
-3376 777 0
766 -3951 0
-4953 -2089 0
-2714 -1262 0
2495 -3164 0
-2500 4673 0
4298 -598 0
3484 -581 0
-1854 -4827 0
-4681 -744 0
4211 -1130 0
-903 -1062 0
275 -2853 0
-844 -3692 0
797 2181 0
3027 4203 0
4362 -1136 0
-1844 -4585 0
-3915 3821 0
-231 49 0
-1982 -2935 0
-685 2862 0
-4618 -4042 0
967 -4653 0
3392 2825 0
-4879 2915 0
1285 -3730 0
3127 1363 0
-2046 3488 0
2892 -4587 0
-36 -1455 0
3232 4797 0
-2330 4729 0
4724 -2689 0
1604 2791 0
-1897 2549 0
-424 779 0
-4448 4123 0
-2546 -2702 0
4593 4856 0
1264 -4625 0
2986 -2212 0
2871 2755 0
-4819 4526 0
-1368 207 0
1794 -3518 0
-2203 -4705 0
-466 4284 0
-4194 2067 0
-1845 -3595 0
-2517 -1950 0
2307 -1033 0
2649 -1705 0
-2902 -581 0
2222 3918 0
-2821 -1294 0
159 1415 0
1123 -294 0
42 -3376 0
3442 3599 0
-4826 4918 0
4205 4819 0
-3867 -3533 0
-648 92 0
-3999 -144 0
-564 2243 0
-1798 4010 0
4718 4125 0
-1450 -4424 0
-379 -2288 0
1048 3774 0
4619 -3109 0
1628 -1780 0
-1731 4456 0
-2309 1795 0
407 -1887 0
-1799 3273 0
676 3164 0
-1880 -3810 0
2909 -1840 0
3691 -284 0
-3093 3107 0
-4542 -2164 0
-181 3093 0
-448 -3957 0
-3445 -4381 0
-1878 -3627 0
1170 -1278 0
3953 3781 0
2584 811 0
3341 4725 0
4632 -4000 0
-3873 555 0
-343 763 0
-247 4899 0
2228 -1306 0
-830 -4968 0
-155 -4438 0
4638 1547 0
2838 1856 0
1625 -4591 0
1104 1553 0
748 -3966 0
359 2932 0
-2646 1148 0
-4971 3230 0
3463 -4197 0
-2821 3928 0
2733 3122 0
1768 1989 0
-2838 247 0
820 -3458 0
-1248 -3241 0
-2339 888 0
-2860 -4599 0
864 3764 0
4620 1423 0
-2789 -1324 0
3469 3214 0
4912 1792 0
3174 -3059 0
3581 3326 0
2516 2170 0
-4648 3232 0
3572 -4134 0
450 -2653 0
506 -186 0
-1224 2747 0
-121 3455 0
1579 2093 0
-4304 2154 0
-1681 4923 0
-4983 2683 0
-3935 1714 0
-1756 4835 0
-4058 1608 0
3623 -778 0
-2995 -3818 0
3760 -1386 0
4200 2520 0
-1623 1748 0
-811 1862 0
-2531 -2517 0
1210 -3629 0
3621 1247 0
3925 2440 0
-3527 4882 0
2612 -1574 0
4439 -3016 0
-1185 2761 0
2213 -4810 0
1916 -4195 0
-3718 -1926 0
-2862 -1456 0
527 -3263 0
-3104 1232 0
-1592 3467 0
-759 646 0
-2579 -2541 0
-846 3875 0
132 -1962 0
1980 -4752 0
-4430 -1773 0
-734 1463 0
1744 2457 0
3877 518 0
1917 -2378 0
-4777 -230 0
477 1166 0
-4542 -415 0
-1630 -222 0
2858 2303 0
3247 831 0
891 -59 0
-1143 -4466 0
-2857 -3425 0
-2780 -3497 0
-4993 3198 0
-4522 2365 0
3486 1983 0
-1803 -2571 0
-2994 2989 0
2821 2229 0
1464 4867 0
3451 -2047 0
4045 -2376 0
3211 -3780 0
596 -3386 0
-4703 4959 0
1043 3527 0
-980 -4516 0
-3370 1419 0
-966 -4303 0
713 3714 0
3885 -213 0
-1255 19 0
4843 2606 0
4796 -3863 0
2333 -3513 0
-2183 -4861 0
3714 1698 0
-4807 3497 0
3042 -2225 0
3378 2810 0
1554 1940 0
3201 -1720 0
3081 -868 0
-1633 -2567 0
4266 343 0
-2048 -2075 0
-357 3106 0
-1115 371 0
-4835 -3090 0
3066 -3090 0
4783 2815 0
-265 1562 0
81 2052 0
-1489 -3613 0
-4203 33 0
-4117 252 0
-1399 -184 0
2 -1364 0
-1443 4012 0
1913 2986 0
-4529 -3638 0
3944 4193 0
-3628 -2170 0
4316 2696 0
1901 -2258 0
-1600 -1210 0
-4851 -3582 0
-3705 -740 0
-209 -2024 0
-3681 4018 0
181 1295 0
3930 -3458 0
4506 3551 0
-1166 1464 0
1041 -990 0
1491 566 0
371 -1802 0
-237 -3762 0
-1917 4462 0
2172 -2982 0
3018 4326 0
858 3052 0
-4229 770 0
-2073 -4301 0
-4629 -913 0
-2168 3369 0
-704 -222 0
614 813 0
2651 -2966 0
-4511 -2664 0
3037 -3939 0
-4510 1768 0
4050 -1422 0
280 1501 0
4091 3804 0
-1466 -3077 0
1925 -1785 0
2854 -4099 0
707 -3171 0
-2475 -3955 0
613 1893 0
4641 -2731 0
2807 -4431 0
-4152 -1179 0
565 1385 0
-3074 -2038 0
-3625 -3870 0
259 4587 0
4867 475 0
1137 -29 0
-664 -4985 0
-1056 2957 0
-620 -3637 0
-3483 -223 0
-3134 1944 0
-2504 -1003 0
3742 -957 0
220 3120 0
-2162 3662 0
-1852 -2483 0
3192 -2467 0
260 1986 0
-935 -1103 0
-248 3503 0
3780 1229 0
-6 -4383 0
3652 612 0
-2007 -2187 0
-178 -4773 0
3968 -1976 0
-4992 3626 0
-3230 -1706 0
1932 -4152 0
-4781 -2483 0
-472 1678 0
-356 544 0
-4312 -812 0
301 -4025 0
-1642 -3444 0
3444 3422 0
191 2822 0
4635 1684 0
1142 -3667 0
2511 289 0
-3208 250 0
-3078 2888 0
1309 3404 0
-1224 -4106 0
2153 -827 0
-4428 49 0
4598 1309 0
904 4267 0
-5000 -3373 0
-898 1853 0
4158 3694 0
-4103 -3256 0
1633 -2772 0
2809 -3216 0
-1037 2340 0
2322 -4080 0
-2121 -2385 0
2674 1564 0
3107 4182 0
-735 -4516 0
4956 -1852 0
-2111 -3971 0
-955 3522 0
2486 3934 0
-2053 -2617 0
-1843 -3478 0
-4908 2849 0
1724 2448 0
1844 158 0
-4314 -100 0
-423 -2773 0
4555 -1660 0
4588 2966 0
3533 -3304 0
-1603 -768 0
2803 -3388 0
3778 4321 0
2879 4650 0
2328 2620 0
4022 -1830 0
-4449 2278 0
-3264 -3882 0
-2300 440 0
923 -3744 0
4142 -593 0
1501 733 0
2882 -4396 0
4482 871 0
3043 2311 0
-2678 2551 0
2381 2994 0
567 -2991 0
-1388 3109 0
830 572 0
328 3127 0
1295 4216 0
4516 940 0
4025 -1649 0
-539 858 0
-587 1986 0
-1478 4082 0
-578 3844 0
-4576 -1737 0
-3342 -4168 0
-2852 147 0
-405 -919 0
-2192 647 0
3489 3397 0
4247 -2720 0
2396 -1340 0
-942 -356 0
3621 -2171 0
-2447 -4283 0
-1110 -4760 0
1739 2410 0
642 -2669 0
2294 3562 0
-4339 2376 0
-2838 4215 0
1325 -836 0
3819 -3416 0
3785 4670 0
364 -2506 0
2312 -1328 0
-4308 -3164 0
3225 -4250 0
4056 540 0
-1918 -1203 0
4836 -1440 0
444 -332 0
2442 3474 0
1383 -2020 0
778 -1788 0
1958 3288 0
286 -4334 0
1058 -2918 0
2799 -813 0
-3497 3092 0
2877 -2116 0
931 -4206 0
-4399 3734 0
-1566 -1313 0
-3080 -2508 0
-4402 -873 0
3206 2999 0
-565 3807 0
2351 4732 0
4176 729 0
-4864 2754 0
-492 -294 0
-3500 -4361 0
3078 1656 0
-4382 -4811 0
4576 -3433 0
-2692 -4596 0
2931 -3315 0
-3579 3333 0
-2504 -3164 0
-4638 -3302 0
-1890 750 0
1598 1405 0
-3609 2152 0
-3496 4134 0
1292 -4604 0
4106 -1587 0
-891 1863 0
-582 -3762 0
1828 2680 0
1080 1698 0
4907 -2415 0
-3955 -860 0
1651 -137 0
3736 2446 0
641 2331 0
3379 -4888 0
848 -5 0
567 797 0
-3410 532 0
3582 4179 0
-482 1719 0
-401 -4559 0
2035 -3312 0
1476 1062 0
1908 48 0
-3394 -3162 0
-968 -2536 0
-176 314 0
2538 -196 0
-2868 -4158 0
4359 2523 0
3801 -1555 0
2984 -2556 0
4471 3763 0
-937 -1377 0
-3338 -833 0
2985 3785 0
2671 2529 0
-4030 4033 0
-262 -3019 0