p cnf 200 200
165 -4 0
-197 -22 0
189 200 0
-6 105 0
-73 104 0
188 91 0
-176 -30 0
-21 -189 0
-152 -145 0
-45 160 0
160 -148 0
-13 -122 0
33 61 0
-193 122 0
132 165 0
138 127 0
-60 18 0
79 -143 0
80 26 0
-21 171 0
21 -72 0
138 -174 0
110 116 0
-119 12 0
-142 -99 0
-81 -154 0
157 -142 0
-58 173 0
146 142 0
193 75 0
-114 14 0
62 -91 0
101 -144 0
8 61 0
-118 -37 0
153 -174 0
118 152 0
-29 129 0
2 -50 0
126 38 0
93 -73 0
-185 184 0
22 -165 0
34 -189 0
-96 -157 0
183 -192 0
-180 -56 0
42 88 0
93 139 0
-30 31 0
30 52 0
181 -121 0
112 -101 0
-118 -20 0
-112 -106 0
100 179 0
-173 -7 0
144 -57 0
-59 -54 0
-140 192 0
47 -123 0
-42 -182 0
92 -172 0
14 -61 0
-63 147 0
64 34 0
122 -145 0
-74 101 0
-97 -167 0
-54 71 0
-142 151 0
-62 177 0
-45 160 0
-26 62 0
-152 87 0
-89 -101 0
166 -50 0
69 153 0
-82 -136 0
-4 -36 0
158 200 0
183 78 0
3 -90 0
-56 109 0
40 -48 0
-165 -18 0
-123 -170 0
-138 -159 0
-162 -197 0
198 91 0
-37 -160 0
177 38 0
194 -148 0
-91 -103 0
-84 -41 0
49 106 0
10 18 0
8 139 0
-126 -42 0
49 -143 0
-122 61 0
164 -20 0
98 186 0
153 14 0
-22 200 0
188 19 0
11 -122 0
144 -147 0
176 171 0
42 125 0
71 -44 0
-128 186 0
171 136 0
84 189 0
117 161 0
59 -79 0
-95 126 0
64 -109 0
184 141 0
105 -72 0
-79 -169 0
-47 107 0
99 -11 0
26 195 0
-146 108 0
-52 -175 0
-109 -116 0
69 127 0
149 -198 0
196 -67 0
-136 86 0
27 20 0
-39 -27 0
-135 -95 0
-135 155 0
200 -112 0
139 -136 0
-158 66 0
30 -120 0
17 136 0
132 -136 0
-11 -152 0
-188 183 0
-77 -180 0
187 134 0
-122 -86 0
-108 105 0
68 -175 0
-156 -78 0
16 -150 0
-109 145 0
-147 2 0
-75 -114 0
121 -153 0
-82 141 0
-179 49 0
80 -50 0
24 195 0
104 79 0
-151 -109 0
103 68 0
42 -161 0
113 -3 0
-132 19 0
21 97 0
18 -41 0
63 68 0
-139 -130 0
3 -83 0
64 89 0
192 106 0
-73 172 0
-7 -64 0
161 21 0
23 120 0
-70 -113 0
166 -186 0
47 -22 0
88 39 0
-169 -91 0
78 -166 0
139 75 0
185 -30 0
151 118 0
-182 120 0
-144 -58 0
-171 126 0
158 -112 0
-9 -107 0
157 182 0
140 -136 0
-127 -138 0
-100 67 0
-15 -28 0
99 -138 0
-179 127 0
-160 -101 0
-151 91 0
-63 74 0
174 -42 0