p cnf 1000 1000
703 -338 0
960 549 0
-25 976 0
-791 -402 0
486 -771 0
960 -131 0
-198 -824 0
902 -240 0
681 -366 0
757 -870 0
48 -177 0
-222 657 0
519 -824 0
156 -229 0
309 -71 0
952 921 0
505 782 0
-518 -387 0
861 -828 0
-496 420 0
666 -332 0
953 -407 0
-346 475 0
635 -711 0
-290 -378 0
-465 375 0
-821 -885 0
304 -574 0
-465 -67 0
287 687 0
860 419 0
996 -517 0
529 569 0
743 748 0
667 -18 0
946 14 0
-285 -253 0
-710 90 0
321 -394 0
-853 -694 0
441 9 0
-460 -161 0
248 715 0
-519 890 0
-635 104 0
-364 -81 0
813 887 0
987 649 0
420 938 0
-244 -191 0
-850 -410 0
310 123 0
887 848 0
-767 427 0
764 759 0
703 143 0
694 673 0
574 105 0
-651 639 0
-819 775 0
-542 106 0
280 477 0
-177 -296 0
731 -629 0
919 648 0
-442 -108 0
68 946 0
-796 930 0
185 675 0
-241 130 0
-707 -809 0
640 -613 0
732 -456 0
-963 -258 0
658 20 0
266 -532 0
-127 -848 0
343 474 0
-36 101 0
465 348 0
-187 352 0
-869 981 0
248 -507 0
313 813 0
-26 581 0
981 -757 0
-665 -610 0
748 -131 0
-802 238 0
852 166 0
-841 -377 0
706 -846 0
62 -262 0
390 -541 0
-1 -778 0
-243 -860 0
178 -695 0
-186 -409 0
-551 617 0
-862 -191 0
-922 408 0
-369 896 0
628 -707 0
925 -498 0
546 -851 0
919 263 0
881 600 0
-228 -970 0
-633 -489 0
626 -516 0
-978 -216 0
-995 -664 0
653 -338 0
-918 470 0
-958 -944 0
-233 -343 0
-916 -556 0
-732 -934 0
109 -65 0
528 450 0
-36 -708 0
253 -540 0
-90 -573 0
948 673 0
-899 308 0
979 245 0
-102 -496 0
42 -396 0
504 986 0
917 -201 0
-507 452 0
891 873 0
-170 -523 0
704 -27 0
479 -175 0
-771 -443 0
331 -939 0
694 330 0
-305 -273 0
-956 -798 0
955 606 0
-18 123 0
-555 -771 0
-190 887 0
-903 64 0
437 377 0
360 -999 0
946 173 0
-78 257 0
-566 676 0
-682 -815 0
591 -447 0
-485 159 0
-644 -328 0
261 772 0
842 -520 0
-155 695 0
305 162 0
371 -875 0
-296 240 0
-529 -675 0
-501 412 0
697 -776 0
-20 -921 0
713 75 0
585 -166 0
-470 342 0
988 847 0
455 797 0
329 -523 0
-401 410 0
-353 33 0
975 142 0
-388 -517 0
477 -308 0
-450 -776 0
116 240 0
191 313 0
-965 -220 0
-508 841 0
-168 -121 0
-711 -310 0
172 -67 0
-709 -330 0
-802 -543 0
-485 -240 0
433 971 0
-863 832 0
-511 510 0
633 -949 0
306 589 0
837 869 0
-607 574 0
-767 691 0
-23 209 0
-895 81 0
-916 -906 0
703 731 0
112 -636 0
-243 618 0
406 936 0
792 -358 0
161 322 0
692 -241 0
262 812 0
923 -589 0
790 -307 0
428 -132 0
-210 979 0
135 -332 0
-432 -584 0
-963 -508 0
926 717 0
-342 -853 0
968 -62 0
-971 992 0
528 -904 0
-329 -377 0
-681 -573 0
-577 735 0
-772 407 0
345 735 0
449 816 0
-482 639 0
363 -292 0
483 758 0
304 -463 0
-795 105 0
412 -448 0
62 -896 0
-787 179 0
167 805 0
-356 -753 0
161 182 0
-217 379 0
225 524 0
197 -571 0
315 127 0
-717 916 0
-160 -757 0
266 685 0
-791 -590 0
229 256 0
48 411 0
362 -329 0
1 27 0
553 -990 0
780 751 0
437 61 0
199 -732 0
829 795 0
648 -933 0
71 971 0
469 843 0
651 -173 0
309 -853 0
-187 334 0
-709 299 0
-495 288 0
-886 -460 0
503 914 0
538 -142 0
-661 730 0
-421 -761 0
-375 -913 0
-990 488 0
-165 190 0
630 -736 0
-844 668 0
-905 330 0
-980 504 0
825 -162 0
147 -489 0
-577 724 0
-8 -664 0
725 34 0
236 -493 0
133 433 0
78 -307 0
-361 776 0
-712 -439 0
-265 387 0
-178 972 0
768 -896 0
641 -564 0
-481 -950 0
-337 -218 0
373 -749 0
-175 677 0
562 -970 0
-558 -909 0
444 -449 0
-691 -34 0
99 -497 0
-381 542 0
948 184 0
-173 308 0
-549 6 0
-149 -916 0
905 -243 0
829 -417 0
548 -495 0
-180 327 0
860 412 0
-948 -904 0
-226 -311 0
-978 -631 0
782 18 0
859 845 0
278 -711 0
857 -848 0
392 676 0
161 -388 0
175 -67 0
362 -985 0
-191 -879 0
-832 -477 0
-881 -800 0
303 -497 0
689 458 0
238 -530 0
562 -715 0
-278 38 0
969 64 0
582 671 0
676 219 0
344 -916 0
-525 411 0
430 -759 0
277 -700 0
-186 -797 0
463 120 0
583 145 0
854 -630 0
702 -305 0
-49 540 0
-918 486 0
418 364 0
712 615 0
475 17 0
-767 -815 0
-906 603 0
202 -215 0
-148 680 0
-286 -884 0
545 -57 0
-894 608 0
38 -516 0
715 547 0
999 627 0
421 -235 0
662 759 0
-93 -346 0
195 -428 0
464 930 0
777 -14 0
-525 -673 0
-14 496 0
-786 730 0
-482 407 0
797 583 0
-931 -978 0
67 118 0
-42 8 0
-857 14 0
-742 -103 0
-609 902 0
-504 -336 0
-575 -228 0
839 706 0
800 -544 0
-788 451 0
607 -340 0
-814 -682 0
584 315 0
-851 780 0
-615 -825 0
-71 408 0
965 -13 0
325 502 0
235 597 0
644 341 0
869 451 0
-393 -628 0
536 776 0
88 -363 0
-376 157 0
-859 -883 0
-16 636 0
766 14 0
39 -890 0
-671 27 0
-960 -381 0
-204 -41 0
-571 -248 0
-623 987 0
-287 681 0
259 106 0
829 687 0
-50 339 0
-888 -157 0
900 -506 0
606 -32 0
-17 357 0
-845 -736 0
295 452 0
-559 821 0
-553 191 0
-823 -447 0
746 441 0
-52 -945 0
833 -629 0
-529 -547 0
491 -497 0
-146 224 0
440 592 0
-630 -244 0
-221 -878 0
-151 296 0
956 43 0
-974 -452 0
-727 -293 0
-535 -812 0
-28 633 0
-836 -928 0
242 -703 0
-184 318 0
-163 -785 0
346 -764 0
435 589 0
51 -281 0
678 -109 0
640 162 0
-848 -57 0
-349 -379 0
736 -942 0
87 -368 0
-560 -375 0
-495 34 0
79 965 0
253 312 0
145 -383 0
982 -313 0
-863 230 0
855 -354 0
-8 -345 0
431 855 0
-122 -377 0
-90 -64 0
680 -350 0
-489 -297 0
760 -422 0
860 454 0
892 558 0
-686 370 0
149 893 0
436 -355 0
-274 -778 0
30 -329 0
499 -314 0
-805 -786 0
771 204 0
132 -676 0
660 451 0
-906 -621 0
-232 -491 0
191 154 0
95 167 0
428 103 0
278 343 0
-144 -867 0
-220 437 0
573 861 0
341 709 0
893 871 0
-98 639 0
-142 -920 0
-76 -923 0
840 915 0
622 853 0
779 -854 0
361 -825 0
635 494 0
183 22 0
-702 403 0
307 356 0
-967 -357 0
-228 -382 0
-865 695 0
90 651 0
576 -8 0
91 567 0
366 -828 0
-469 767 0
1000 -303 0
415 -302 0
29 790 0
-704 363 0
512 -8 0
-122 -800 0
181 174 0
279 557 0
731 -647 0
-334 -903 0
403 130 0
-534 971 0
924 -143 0
459 -528 0
469 497 0
234 281 0
-689 -356 0
595 -409 0
-245 668 0
-598 -163 0
321 -402 0
710 -622 0
468 -403 0
-283 275 0
-279 527 0
936 -103 0
838 43 0
-167 557 0
188 -543 0
50 -404 0
-644 695 0
-628 -403 0
414 479 0
551 833 0
-54 -196 0
-713 -634 0
172 -462 0
-508 304 0
-476 42 0
575 -191 0
-952 341 0
934 -186 0
-384 -966 0
82 354 0
-316 477 0
-576 -567 0
-536 -844 0
538 38 0
-935 -212 0
170 -749 0
-252 837 0
998 467 0
-850 -557 0
156 777 0
918 955 0
467 584 0
223 -203 0
677 88 0
-283 -808 0
-288 -303 0
-396 499 0
-123 -78 0
463 472 0
402 488 0
652 6 0
-654 -990 0
442 813 0
-420 -436 0
477 -266 0
-722 -419 0
-36 -365 0
-562 909 0
-453 -445 0
631 -320 0
-669 721 0
-509 -668 0
741 -33 0
101 359 0
-866 -229 0
621 722 0
552 87 0
518 657 0
-867 -170 0
-927 -632 0
-640 338 0
354 726 0
-649 -591 0
-770 683 0
951 550 0
-438 941 0
-449 115 0
82 559 0
-697 965 0
73 -505 0
-716 -38 0
408 71 0
903 959 0
-240 613 0
-10 -157 0
-732 -171 0
-631 966 0
-727 26 0
691 832 0
700 -897 0
367 -907 0
-126 -660 0
551 -657 0
254 -48 0
-383 691 0
447 -491 0
-173 845 0
-725 341 0
-279 -912 0
395 -686 0
886 975 0
113 -659 0
-807 156 0
774 912 0
358 -441 0
116 -223 0
-242 -261 0
-422 393 0
27 -820 0
-797 -127 0
-521 -677 0
-817 -489 0
-755 660 0
-654 55 0
-234 61 0
-329 166 0
-698 413 0
-349 -839 0
170 266 0
-739 765 0
96 79 0
947 -748 0
307 -4 0
90 866 0
-927 -961 0
-37 -59 0
1 -209 0
-321 99 0
-484 37 0
-922 -18 0
838 8 0
-605 574 0
-683 -923 0
254 21 0
-129 -164 0
90 -181 0
-249 -993 0
-403 -394 0
642 227 0
905 -553 0
-331 171 0
-458 199 0
800 506 0
-745 -423 0
386 482 0
999 298 0
-520 -307 0
856 -120 0
910 786 0
-505 594 0
-914 -132 0
-514 -585 0
455 -611 0
-959 -127 0
13 -95 0
-74 331 0
-622 -521 0
751 -64 0
-627 -120 0
-270 498 0
357 249 0
-356 458 0
-316 -932 0
230 992 0
-441 -948 0
680 104 0
-568 582 0
150 523 0
-112 949 0
703 939 0
-948 -439 0
-373 -211 0
-53 963 0
443 -104 0
713 -545 0
-444 318 0
-99 936 0
-2 175 0
839 -90 0
935 -338 0
-194 352 0
973 -284 0
444 498 0
623 -299 0
-640 -101 0
-279 795 0
93 -606 0
89 -120 0
-317 299 0
-567 592 0
946 -703 0
-366 -265 0
-539 349 0
913 243 0
-983 -394 0
-609 293 0
647 -603 0
-78 -539 0
-516 -578 0
926 314 0
990 -980 0
-658 -372 0
-830 844 0
-127 751 0
-263 219 0
-610 -841 0
130 -383 0
528 346 0
-498 625 0
956 -230 0
-354 -748 0
970 556 0
957 560 0
170 -397 0
-229 477 0
-495 -684 0
-628 -756 0
-734 -227 0
-206 548 0
-468 526 0
-738 -817 0
-174 900 0
-168 59 0
-369 667 0
-390 599 0
563 469 0
2 -284 0
-112 305 0
730 980 0
-13 999 0
-188 -485 0
-840 -369 0
-834 -933 0
782 -677 0
72 227 0
704 446 0
-295 -879 0
-820 536 0
710 -88 0
887 -501 0
-317 151 0
-111 977 0
894 -250 0
-633 198 0
-664 362 0
-521 793 0
-814 645 0
-564 959 0
671 722 0
-823 122 0
-730 134 0
28 -315 0
834 -955 0
-875 -25 0
316 -541 0
221 928 0
-717 733 0
152 746 0
835 737 0
54 -469 0
584 -364 0
791 97 0
-232 558 0
-748 -164 0
-616 -746 0
261 588 0
-191 42 0
-135 -17 0
509 46 0
760 -925 0
-680 191 0
-760 604 0
-356 942 0
-751 889 0
191 534 0
421 -774 0
597 -838 0
309 -704 0
-160 -638 0
854 902 0
215 397 0
-311 56 0
492 -751 0
-425 -431 0
-464 640 0
32 152 0
-798 -557 0
-529 -492 0
4 -324 0
-748 -820 0
-201 -604 0
-332 -996 0
-76 -6 0
-100 -19 0
872 -76 0
151 966 0
-351 -552 0
-932 -619 0
697 -583 0
146 537 0
408 843 0
-61 775 0
297 291 0
-261 -671 0
876 -95 0
-630 -215 0
-909 -863 0
829 -668 0
322 22 0
659 -855 0
-751 -660 0
-484 -266 0
729 401 0
-43 -500 0
-593 -721 0
307 121 0
-147 914 0
-458 426 0
427 5 0
-31 620 0
538 562 0
-88 624 0
390 982 0
595 -657 0
977 -691 0
118 594 0
-380 -604 0
100 -774 0
-585 -128 0
-345 -963 0
982 339 0
694 -898 0
-990 665 0
956 313 0
226 852 0
-51 -144 0
878 71 0
138 -648 0
353 741 0
-368 600 0
673 105 0
-740 -665 0
553 -453 0
77 -754 0
-835 -844 0
689 254 0
197 97 0
700 986 0
-570 -116 0
648 -888 0
-420 686 0
446 593 0
733 -369 0
856 -97 0
272 676 0
904 -876 0
-567 -458 0
-863 157 0
196 229 0
251 300 0
-5 -896 0
-110 -942 0
-515 -176 0
-766 -667 0
-234 -385 0
-633 802 0
-642 -359 0
-434 662 0
-497 783 0
-785 537 0
198 133 0
-539 487 0
-7 603 0
-603 -756 0
-519 -805 0
-506 -420 0
672 639 0
-48 -929 0
-88 382 0
132 -147 0
-973 760 0
-13 -902 0
338 -113 0
-8 363 0
13 154 0
-325 -479 0
345 809 0
-709 705 0
-74 724 0
31 252 0
16 -932 0
-847 -363 0
680 432 0
-845 520 0
-883 633 0
744 -601 0
398 778 0
-436 831 0
727 817 0
575 86 0
-434 -266 0
-188 377 0
-933 -698 0
-65 458 0
-441 -341 0
-340 -422 0
637 -112 0
-399 -475 0
930 563 0
332 -626 0
528 228 0
-470 68 0
-108 467 0
-84 821 0
-573 -586 0
-461 932 0
-510 -159 0
-512 889 0
-50 430 0
602 -153 0
-199 -889 0
146 -913 0
308 -822 0
-259 -3 0
575 -436 0
-245 -793 0
539 877 0
845 328 0
393 -477 0
174 -603 0
529 540 0
-533 -78 0
99 -17 0
839 -887 0
387 115 0
-664 -375 0
-857 889 0
937 -960 0
204 -436 0
303 -476 0
-432 -212 0
-400 -759 0
179 -248 0
961 772 0
-695 -981 0
906 -927 0
-971 421 0
-90 376 0
-996 -937 0
848 126 0
-517 503 0
790 -718 0
698 277 0
-363 921 0
96 547 0
438 -280 0
-201 -158 0
-576 609 0
-599 714 0
-993 -239 0
963 895 0
329 460 0
-775 -977 0
895 896 0
-498 -367 0
380 -641 0
-498 479 0
-229 299 0
-872 -516 0
-699 -909 0
900 130 0
353 60 0
-755 913 0
-734 -59 0
654 577 0
335 -170 0
-528 -541 0
178 -358 0
-825 188 0
-226 -56 0
417 -259 0
-55 361 0
-355 768 0
376 32 0
559 913 0
760 627 0
-940 -936 0
-432 126 0
-614 -914 0
592 -670 0
-309 -241 0
-469 -474 0