p cnf 5000 5000
4593 4879 0
-3247 -1050 0
-1547 -608 0
-4744 -1160 0
-3257 -3167 0
1012 395 0
2831 -3399 0
4058 -1578 0
-1748 -771 0
-2911 -3435 0
-1911 -4596 0
-885 -3071 0
3817 -2365 0
1724 -4714 0
2588 -4796 0
3900 3720 0
1702 -358 0
-4470 648 0
2269 3675 0
2991 -452 0
4908 -1761 0
-2844 3171 0
4566 -2489 0
3450 -4204 0
2339 3652 0
2845 3016 0
-1498 682 0
2442 -3618 0
-3603 3001 0
3093 -1830 0
1367 155 0
-3366 -4673 0
-4301 -2427 0
-1987 -4086 0
3942 -2910 0
4170 3379 0
-1728 -4732 0
676 2332 0
-3170 -2132 0
-3175 -483 0
-1195 1257 0
-436 -2014 0
1559 -2152 0
-3956 4867 0
1242 -1302 0
1370 -1144 0
-789 768 0
3506 2884 0
4375 -2326 0
1740 4761 0
3935 -1901 0
-899 -4537 0
3050 227 0
787 4038 0
-3701 -2595 0
4651 1274 0
1282 639 0
2975 1130 0
4601 -3731 0
-667 -3844 0
-375 -4507 0
2135 4399 0
-2099 3156 0
-3076 1127 0
2466 2249 0
-3978 -4065 0
-3228 4474 0
1800 3664 0
-757 2254 0
-1691 -2179 0
-1350 3809 0
4930 4372 0
-3584 1557 0
3358 -2456 0
3954 3949 0
-4857 -3801 0
-4278 -2010 0
4971 3301 0
-4548 4705 0
4137 4265 0
-2739 681 0
2430 -2764 0
3765 3046 0
-3446 3197 0
-2654 -3130 0
2625 -1771 0
1347 1713 0
-3061 -4788 0
-1095 -1044 0
-1689 -2233 0
4375 -1325 0
3772 -2275 0
-2984 2687 0
1840 2519 0
-3293 91 0
-342 1420 0
1648 -2786 0
-2249 4924 0
-2371 -3451 0
4948 -646 0
-2375 2221 0
720 -213 0
-2508 1753 0
-2378 -2507 0
1088 -3605 0
-832 -3755 0
1779 -1368 0
70 -57 0
-840 357 0
-3492 -3924 0
1130 3000 0
3958 -4875 0
-718 4387 0
2929 -564 0
-15 3898 0
-1839 4559 0
-2330 -3217 0
-4584 -3737 0
-4587 1363 0
-1519 4459 0
1574 1063 0
-1920 1589 0
-239 -4199 0
-1619 -3072 0
3211 2757 0
-914 -4527 0
4791 -2374 0
579 4723 0
-2473 -3410 0
1839 2357 0
2398 4914 0
1714 -345 0
-4377 -1982 0
-1024 -632 0
3276 -4991 0
-3367 3116 0
-4150 1116 0
768 -616 0
4162 3745 0
2244 4360 0
3623 2632 0
-2368 -3949 0
-2441 463 0
-4441 4739 0
-3993 -3527 0
-2960 -2448 0
4402 1661 0
3005 -1710 0
3434 775 0
-2677 -2460 0
2622 3880 0
-2031 -375 0
-3968 3904 0
1991 1531 0
3966 -4648 0
4756 2737 0
-2173 639 0
-1793 3347 0
-3883 -1887 0
-3630 -1861 0
2479 4239 0
-1224 -4802 0
1368 -3585 0
-1053 -2494 0
-3092 -4196 0
-4962 -3914 0
-3203 2510 0
-1679 960 0
-1776 726 0
-1090 3840 0
-2651 -3492 0
3657 2125 0
1436 -3120 0
-4314 -2641 0
1363 3136 0
713 -3224 0
4281 -1615 0
-444 652 0
2022 -3720 0
4726 -776 0
1608 -222 0
-2926 4655 0
-758 -273 0
859 374 0
2466 4598 0
-2178 -1728 0
-3435 -1022 0
739 -3093 0
2530 626 0
5000 1179 0
3076 -1738 0
-3022 4203 0
-1526 3467 0
-2043 -300 0
-3258 -3266 0
2525 -2802 0
2132 -3391 0
2430 -3291 0
844 3716 0
2828 2959 0
3775 -3563 0
-4451 265 0
-4481 4668 0
-3417 -2325 0
-282 -3113 0
3437 2112 0
-75 -2422 0
-3689 3396 0
1700 -2067 0
1704 711 0
-284 4604 0
-447 -2384 0
4392 2083 0
-1166 316 0
4060 -490 0
-3556 -3453 0
-1253 -3019 0
-4083 604 0
871 -679 0
1172 4396 0
4169 262 0
4590 1963 0
999 -2252 0
3734 3773 0
836 1340 0
-365 293 0
-3698 1950 0
-1386 4987 0
3068 4912 0
1140 2642 0
-4826 -4642 0
-1513 -2044 0
-3937 1500 0
562 936 0
1800 -4082 0
738 1233 0
4917 2416 0
-347 26 0
-2728 2623 0
142 2663 0
2353 -3972 0
-3464 -3587 0
2476 2920 0
-1211 2992 0
254 -2034 0
-4389 3758 0
3722 -4551 0
3206 1784 0
3876 -662 0
-4008 761 0
-834 -580 0
-2008 -319 0
-674 680 0
-2144 1156 0
-4274 -1363 0
820 -2050 0
-650 -794 0
-3765 -4278 0
-14 3772 0
-257 -49 0
-3908 -2615 0
1901 -3119 0
-665 4042 0
3590 769 0
907 4691 0
2954 -3607 0
-2477 804 0
-261 1678 0
-3000 -1813 0
281 -2187 0
-1263 -1934 0
4551 -3911 0
-1323 2057 0
-1042 1074 0
2049 -3848 0
4869 -4755 0
3100 2515 0
-4670 -3944 0
1684 -1467 0
3824 4368 0
4709 1994 0
-3380 4623 0
3169 3635 0
3159 4130 0
3580 -1122 0
4225 -1942 0
-3458 -1702 0
-3438 3675 0
-3133 64 0
-1323 4221 0
4771 -1145 0
4951 2947 0
1876 -4637 0
113 398 0
31 1648 0
-2189 2563 0
4607 -3978 0
4748 -2477 0
-2843 -17 0
-3074 -1831 0
201 1562 0
4681 -4642 0
2349 -4598 0
4630 1494 0
1399 -2997 0
-1491 596 0
728 307 0
886 -3986 0
-3631 1187 0
-4655 1720 0
-1085 -1667 0
1521 4613 0
4759 3485 0
2961 2859 0
-2589 -633 0
4550 -2453 0
-1262 1259 0
861 1120 0
-2577 3101 0
1290 59 0
1617 -4900 0
2546 2013 0
-2182 -1840 0
4370 -3087 0
-1911 1936 0
2709 -2779 0
1373 -4619 0
4291 -4873 0
-4466 1991 0
2900 3627 0
-1583 -2900 0
1426 -4474 0
1530 2651 0
-1757 -4154 0
-3742 4203 0
-37 -3764 0
2766 -448 0
-1424 2546 0
4380 -1752 0
-2622 3187 0
1518 185 0
-2799 -2079 0
2138 -733 0
2609 -3115 0
-2246 1211 0
-869 208 0
-4943 -3253 0
1471 4172 0
2879 3291 0
-2245 -4768 0
1735 3083 0
2961 4105 0
4667 -4372 0
557 3014 0
3327 -1606 0
1381 -4057 0
529 3784 0
-3094 4433 0
2416 -1769 0
-4213 -1710 0
3034 4961 0
3082 511 0
689 -3613 0
-1662 -2059 0
2263 1337 0
-3665 4679 0
-3466 3926 0
4899 1927 0
1367 2467 0
1946 3985 0
-757 -1563 0
-2232 3616 0
2071 109 0
-3798 -4067 0
1143 -1130 0
2367 -1599 0
3892 3796 0
2348 -4402 0
412 1101 0
3936 -1242 0
4898 -605 0
2929 -1055 0
-2974 511 0
2740 2400 0
3497 -100 0
1393 -3367 0
-4912 -2416 0
-1109 -4031 0
-4801 -1006 0
2123 -169 0
-2702 -971 0
-3249 -640 0
-537 1209 0
-1194 1117 0
2063 -4426 0
1717 -3920 0
1222 3231 0
3567 -1133 0
43 -1319 0
2017 4391 0
-4826 -1029 0
195 -665 0
2200 -4063 0
2595 3763 0
-4237 2283 0
2649 620 0
3284 1330 0
3269 3686 0
-2907 -1291 0
-651 2994 0
-1178 -4951 0
-1653 970 0
-4234 2283 0
-3534 -1335 0
-4845 -2950 0
-3969 -765 0
-1454 -3912 0
-874 98 0
4352 4940 0
2438 -74 0
-1902 -1806 0
-202 3753 0
1229 3643 0
-3935 -2899 0
-3132 -4455 0
2284 -2775 0
-4461 3016 0
2931 2939 0
-1943 -4101 0
4157 -4214 0
2638 1481 0
-2954 2019 0
-1439 -3313 0
501 -4295 0
1564 -1226 0
200 3291 0
2572 -4601 0
-946 4715 0
-2384 1259 0
-3477 -3510 0
3530 1432 0
207 2720 0
-3651 4879 0
3149 2524 0
602 334 0
3594 3444 0
-1498 -4245 0
306 4276 0
2279 -4574 0
-219 -1888 0
3890 3908 0
-181 -383 0
-2837 -3807 0
-165 -3950 0
2770 -320 0
-4811 -1161 0
2412 -49 0
-4461 -568 0
1930 -622 0
3018 -4387 0
1535 -2146 0
1558 -2657 0
692 3486 0
-2050 542 0
-4665 1063 0
-420 3579 0
-1661 -491 0
-4588 1382 0
-2539 -1021 0
425 -3180 0
414 -1381 0
-1214 -1712 0
-3005 -2939 0
4130 1117 0
936 -3056 0
-2655 -2130 0
4498 -1231 0
2418 196 0
2437 105 0
314 1955 0
-1907 515 0
1345 -1155 0
-1534 2638 0
-1753 -4434 0
2971 -1939 0
-1235 -3711 0
310 4561 0
-1936 237 0
-910 232 0
-4835 -825 0
2429 -3818 0
4518 -4368 0
-1120 -3655 0
1319 -2658 0
-1160 19 0
-3481 967 0
3859 -1021 0
3631 4223 0
-1389 -2999 0
-2199 -1996 0
1647 1360 0
1634 2625 0
-2035 4334 0
-4642 -1089 0
-2430 780 0
-1638 3983 0
4174 190 0
2185 1266 0
3328 4524 0
-4389 4206 0
3881 4627 0
-4384 2372 0
1404 -4592 0
2174 4099 0
1712 -2077 0
-3853 2112 0
-1621 -4003 0
-4159 4102 0
-2497 1773 0
-3910 676 0
-735 3843 0
-4496 416 0
-1856 632 0
2969 1147 0
-2109 -3932 0
-4588 3319 0
332 -1866 0
-4378 -2984 0
-4968 -2133 0
704 -290 0
14 4774 0
-414 2500 0
-3717 2405 0
3836 3238 0
-3771 4658 0
982 1623 0
524 1290 0
2722 -4497 0
-453 -967 0
1046 -4699 0
-2563 3723 0
-413 1951 0
-1479 -4940 0
-3305 -1213 0
-2023 604 0
-1789 908 0
-3601 -4946 0
4494 1484 0
-4022 356 0
3724 4652 0
-4356 -3504 0
1490 -4703 0
2388 -351 0
12 2674 0
-30 -1051 0
1452 -2303 0
-3868 -2084 0
-3882 106 0
946 -4368 0
2192 2345 0
-2044 2446 0
897 -4732 0
-694 1670 0
4452 1333 0
3331 -2207 0
3900 409 0
3367 1425 0
-2832 -1292 0
3410 1047 0
3837 185 0
-2374 2546 0
1316 3768 0
2024 -1703 0
-1915 127 0
4556 4588 0
-2441 -2670 0
-201 -4839 0
-3683 4032 0
4026 -3676 0
-2894 -4609 0
-710 4029 0
2937 69 0
-2251 -3547 0
-4000 1950 0
557 -2276 0
1141 -4358 0
-3355 -3659 0
-2256 -3107 0
3331 -270 0
-2599 -1851 0
-1066 1050 0
-2700 3944 0
2095 -3596 0
-2648 -2624 0
4643 -1513 0
-1042 4755 0
-147 -516 0
3815 -1368 0
122 3249 0
3848 -2510 0
-1088 -1695 0
1362 -4969 0
-3429 3051 0
-2135 631 0
471 477 0
-3469 -2077 0
1182 1877 0
-1468 -3674 0
10 -1744 0
3812 3799 0
-2874 -1927 0
-4680 -4605 0
682 4356 0
-577 -2751 0
-1566 1142 0
847 -3149 0
-2880 -1560 0
-448 860 0
-3209 -4169 0
-2980 88 0
-4847 3767 0
2695 2343 0
957 -2525 0
-171 1852 0
2275 4169 0
2616 -3451 0
2757 -3342 0
-1008 -3985 0
-3221 421 0
3302 354 0
-3917 -4437 0
2421 3162 0
140 3257 0
1541 2373 0
-531 -2493 0
-895 -3299 0
3089 3463 0
-2096 -1235 0
2368 -2601 0
1435 1970 0
3374 -89 0
2810 -3692 0
-2008 3654 0
-4249 -4819 0
990 -3318 0
4794 469 0
-4026 -3582 0
-362 4094 0
788 934 0
2033 796 0
-3141 4477 0
-266 -2275 0
-3063 4497 0
-4532 3462 0
-1780 4233 0
66 2726 0
-4584 -3745 0
1614 -1224 0
997 -4002 0
3468 -550 0
2563 -434 0
4138 -3877 0
1565 4202 0
-2491 -2598 0
-968 -990 0
-2428 -4684 0
-2846 201 0
-4591 3058 0
588 -674 0
-3885 -223 0
-1772 2181 0
4289 307 0
220 3973 0
2748 -2303 0
-2646 -874 0
-3396 -1683 0
-2938 -3154 0
-3506 -2991 0
1873 1206 0
-2165 1376 0
1267 2458 0
-2487 4248 0
-3553 -2453 0
294 865 0
-3672 -4959 0
1196 95 0
1681 3869 0
-3889 -1586 0
2434 -832 0
-4685 4511 0
4466 -2290 0
-3966 4902 0
1953 -4492 0
3005 -1766 0
3892 -3238 0
3746 477 0
4100 4706 0
2236 3916 0
-49 4061 0
2829 -3272 0
-1705 4117 0
4816 -426 0
4629 2173 0
2507 -1887 0
1684 -1466 0
4965 4622 0
3940 -2882 0
-4996 4514 0
-3012 951 0
2801 4562 0
-892 -1450 0
4842 2394 0
-1435 1747 0
1821 -1759 0
-2500 -2763 0
4780 -4669 0
-496 4507 0
-1381 85 0
-2666 -1179 0
4579 4166 0
4957 -4676 0
4132 1888 0
-2787 1033 0
-3671 3547 0
-819 -1295 0
3912 1531 0
-2303 -1949 0
3146 -2619 0
530 -2717 0
1492 1744 0
-3621 752 0
-2152 -2374 0
4172 3574 0
1540 -2407 0
4385 1205 0
2146 3418 0
2111 4747 0
-1853 4422 0
4960 822 0
4859 210 0
-4448 772 0
-1539 -4854 0
-1096 1152 0
1359 -4401 0
4549 -1933 0
-1642 -1405 0
4156 2495 0
-166 4399 0
4558 589 0
3713 -2296 0
296 1491 0
-527 -220 0
2326 -2368 0
1341 -4618 0
1674 164 0
1800 -1054 0
279 1687 0
4921 2009 0
-2808 -1067 0
-4693 3529 0
2627 -4654 0
-3957 862 0
-2343 3892 0
2382 -2602 0
3313 2170 0
-2908 -3752 0
-2279 3690 0
3641 -352 0
-4816 4484 0
-4993 -2473 0
-1088 2487 0
4120 -1210 0
-2856 2796 0
-1174 528 0
2435 2869 0
-193 -4207 0
3238 -221 0
-4601 -782 0
-1858 2860 0
-280 -2795 0
2241 4508 0
-3966 -4305 0
2316 752 0
3094 4747 0
4260 1727 0
-4161 3184 0
2214 3616 0
2002 1689 0
2319 3783 0
1108 -684 0
-4362 -2659 0
2641 -1250 0
126 -2188 0
-1769 2188 0
-2199 6 0
4172 -935 0
4268 2413 0
-2134 1607 0
-3010 4527 0
-2680 -1350 0
-3892 -2821 0
3277 4982 0
-2464 -3661 0
-494 -3947 0
-2082 -4347 0
1683 -488 0
2940 -1606 0
-365 -1161 0
-519 -3963 0
-2349 -2901 0
-3227 -1493 0
318 -978 0
545 4141 0
-2875 4348 0
-1478 -833 0
412 -3990 0
-1499 -4769 0
-755 1056 0
4294 -2878 0
618 -1550 0
-4174 4047 0
-4453 1163 0
-395 2817 0
697 1731 0
3350 -3654 0
2305 1755 0
3462 -204 0
-2470 4098 0
-3648 1828 0
-524 -3058 0
-1607 1258 0
-4837 2518 0
2035 1799 0
-4033 -4123 0
1812 3899 0
1563 4106 0
3820 3119 0
-3936 936 0
-4459 -2160 0
191 -2129 0
2190 -2142 0
-4952 4655 0
-2866 -3268 0
-2936 2912 0
3757 -3013 0
-1927 867 0
632 -2708 0
1647 -2941 0
-4843 -3780 0
-2996 425 0
4861 -4568 0
2133 -497 0
85 -1063 0
-3702 834 0
-692 1350 0
2753 4680 0
3317 -4217 0
-1167 -545 0
-1630 -2813 0
3566 -4235 0
4554 -1347 0
-2540 401 0
4624 2953 0
-3276 -3357 0
2756 3162 0
2763 1453 0
-2133 -2665 0
3835 -3049 0
-4739 3429 0
442 4309 0
-4033 -2150 0
-1118 -3686 0
-1056 -1573 0
26 310 0
-3466 1385 0
3504 4229 0
4219 -4864 0
-4530 -4411 0
-1986 -3447 0
-4772 -4066 0
2225 2880 0
-3685 -2638 0
-2938 -3888 0
2050 -1032 0
431 -2986 0
-238 -4916 0
4536 431 0
3911 2431 0
-93 -3836 0
-610 2373 0
99 3662 0
-4613 3268 0
-1570 -1575 0
-3007 4627 0
-733 3978 0
3723 401 0
-4472 1563 0
-2012 -4804 0
3715 -3059 0
-560 3271 0
-570 -186 0
-4407 -1221 0
3462 -466 0
-4532 2620 0
1211 2687 0
-928 -1282 0
2897 2957 0
-1442 -1384 0
2868 1526 0
1770 -396 0
-816 4698 0
-4985 -4729 0
161 2704 0
3164 -888 0
2801 -4699 0
-3292 -4787 0
-4802 -1488 0
-95 -1363 0
-2719 -331 0
-1904 1737 0
4267 1956 0
-4774 1882 0
-4952 4128 0
-1837 -7 0
-3473 -2874 0
1827 338 0
3020 1221 0
-1471 -4827 0
3841 -2239 0
196 -4578 0
-2077 2867 0
-3015 4629 0
173 958 0
4298 -1796 0
-3389 1067 0
-4686 4761 0
-2306 -2660 0
3685 3905 0
-3850 768 0
-4905 -891 0
-407 1053 0
890 -630 0
-950 -1186 0
-2845 -980 0
-4949 -4597 0
-719 -383 0
2874 -2102 0
2331 2464 0
-4776 -4058 0
-230 -3639 0
2238 -2171 0
-76 9 0
-1401 167 0
-3340 -2758 0
-334 -4903 0
311 -3926 0
-2029 -985 0
-1979 534 0
-3361 3629 0
2676 -4397 0
701 -3106 0
-4141 -3959 0
-1000 -3902 0
254 -3002 0
-3357 -469 0
-458 4784 0
-1827 1481 0
2711 -4384 0
4570 -1497 0
30 -2431 0
592 -967 0
-4937 -3311 0
-2359 639 0
-3668 -1474 0
-3283 3597 0
2225 -691 0
2265 -2046 0
-1750 4971 0
-1731 385 0
3757 3086 0
-430 -2812 0
1124 -3803 0
-953 -81 0
-3157 -874 0
-319 -2162 0
2127 3035 0
-2465 -3589 0
-399 -2762 0
-4967 -3821 0
-258 3928 0
1651 -2405 0
1669 -1623 0
-4657 1368 0
994 -4098 0
-4838 1887 0
-1384 -4174 0
-4750 2291 0
-104 -3436 0
-1871 -3280 0
-1144 3834 0
-1789 -4968 0
2968 1116 0
1020 388 0
349 446 0
-3316 4003 0
3230 1968 0
3572 -4237 0
-1807 2983 0
4972 8 0
3288 -3762 0
-2160 -2342 0
1427 4573 0
-3069 2119 0
-2199 1823 0
4132 4432 0
2472 -4444 0
238 2067 0
1794 -1605 0
3107 409 0
2886 -2835 0
3151 4953 0
3631 4110 0
4824 4044 0
1782 3167 0
-1761 2358 0
4460 -4043 0
-4318 -2190 0
179 -699 0
-1177 -72 0
1218 -4887 0
3989 -4734 0
811 3965 0
-1255 -3451 0
1345 -3221 0
-4504 1602 0
-573 -2983 0
4254 -3505 0
-4500 -553 0
4178 3949 0
-93 -2722 0
1752 3195 0
-1833 4318 0
772 3792 0
-4957 435 0
-3841 -1501 0
-1741 -2594 0
-1834 -2179 0
3371 -1489 0
1133 -165 0
2636 2289 0
-3075 2690 0
3637 4895 0
-3582 3045 0
4332 4772 0
-1433 3398 0
-1678 -4764 0
-153 2378 0
4091 -4070 0
313 237 0
-2961 4009 0
859 221 0
694 -3268 0
4331 -3384 0
2703 -1457 0
-458 -3572 0
-1177 -3130 0
3094 -2339 0
-871 3562 0
4579 -3077 0
667 -1937 0
-1007 -4863 0
2400 -1443 0
-4701 3044 0
-2770 -3820 0
-1374 3408 0
2465 -1004 0
-1017 -4632 0
-4831 1969 0
-434 2701 0
1024 2714 0
642 239 0
552 -2941 0
1942 1967 0
3833 1921 0
3653 3758 0
4209 -1479 0
4700 -529 0
3190 975 0
1706 913 0
769 -798 0
-530 -332 0
-1400 -4638 0
2385 3976 0
1464 -3203 0
4739 -3047 0
-1583 -1931 0
-2435 -3721 0
-420 3405 0
4746 1871 0
4009 1022 0
-2618 -3127 0
4793 -3319 0
2463 540 0
304 3777 0
-4767 3117 0
347 -4708 0
3604 3847 0
1925 -1287 0
822 495 0
-3528 -2234 0
3582 4540 0
4821 760 0
2473 -304 0
2281 3325 0
-4459 -2025 0
4802 2777 0
923 -3272 0
-3462 1796 0
577 -819 0
4268 -2329 0
-4514 -3508 0
-747 -3359 0
-3493 2525 0
1019 -3811 0
-2771 317 0
735 -3776 0
1108 1161 0
-1513 1096 0
894 2993 0
1873 752 0
2616 -735 0
-2244 -2849 0
4968 -4112 0
-2444 -4143 0
-4365 40 0
-4427 2598 0
-1825 1222 0
-4368 3961 0
4734 1535 0
587 -2000 0
3488 -4534 0
3333 -3766 0
2806 4816 0
-1819 4169 0
4027 -192 0
-3971 -2509 0
-1341 -4715 0
-4816 664 0
-2513 4562 0
-543 -602 0
4033 -3280 0
-4031 -4402 0
-2519 3538 0
-493 -2031 0
37 1066 0
-4477 -770 0
-936 -4716 0
-2764 -4913 0
2754 3549 0
-2603 178 0
-4945 3435 0
1045 -2268 0
-2510 4794 0
-3606 1965 0
-4893 2637 0
3208 -1187 0
2653 3026 0
2511 3397 0
1899 2292 0
-646 -3481 0
2546 2460 0
-2876 338 0
1607 1559 0
1332 -2324 0
1696 1033 0
-241 -696 0
4132 3121 0
-2438 -3631 0
-71 2459 0
2269 115 0
442 -2216 0
672 1283 0
1896 89 0
3542 -397 0
2499 -2731 0
-4823 -1662 0
4782 -4983 0
3906 -2115 0
4885 -1267 0
3028 -1028 0
4637 -2174 0
296 1270 0
-1356 -2845 0
-3835 -253 0
4634 2945 0
410 1087 0
8 -3784 0
-3101 3902 0
1037 1025 0
-150 2428 0
2557 -4367 0
4761 -20 0
1719 1657 0
3326 1837 0
-1150 -2174 0
-1167 4665 0
-3738 2474 0
-4869 2963 0
4992 3697 0
2521 3880 0
689 -2642 0
4706 -3233 0
-3404 -2273 0
3010 -3577 0
2418 180 0
-1816 1707 0
-293 1873 0
2004 -2678 0
1952 4625 0
-4514 1768 0
4349 -360 0
-3587 -4992 0
3873 -1935 0
-2452 -4726 0
2876 3413 0
4792 2918 0
1585 4519 0
-441 -1742 0
1261 -959 0
-1791 4878 0
-637 -2502 0
2370 3961 0
2841 98 0
-4530 281 0
-4721 -4119 0
1497 -922 0
4291 -1929 0
1843 -3883 0
3468 4283 0
110 4979 0
2553 1945 0
961 -4642 0
1220 1696 0
1201 4359 0
-4843 -2021 0
2496 1982 0
4165 -2532 0
3356 842 0
-3952 2493 0
-116 81 0
-4951 2897 0
-534 -4332 0
-3515 -2611 0
4257 -4827 0
3371 -1525 0
114 -3643 0
-3495 -1494 0
-2138 -4773 0
1729 4369 0
-4289 -2828 0
3677 860 0
-4265 4856 0
2131 941 0
2380 2590 0
-553 -2131 0
-953 73 0
-1063 3110 0
2847 -4760 0
-4185 -1044 0
-4464 -4890 0
4275 -2723 0
-1910 -1916 0
1132 -1761 0
4431 -1341 0
958 -986 0
1047 -4163 0
-4500 1468 0
-4470 2454 0
533 2124 0
-3759 -188 0
-3183 2417 0
-4842 4796 0
-1876 -2192 0
-1595 1905 0
201 2479 0
2491 4687 0
-4785 -2573 0
2675 2402 0
667 4238 0
-3884 -2553 0
2326 -908 0
-3546 -1887 0
1739 -4419 0
-4802 2486 0
1580 4958 0
201 4927 0
-3460 4414 0
23 4866 0
1944 -4808 0
30 3298 0
636 -2838 0
3962 -1704 0
-1109 4128 0
-2974 -3916 0
4290 2245 0
-1073 -1516 0
-1103 3592 0
-3129 2316 0
2919 -4767 0
-411 3368 0
2201 -23 0
114 -389 0
-2338 -2177 0
-3464 -241 0
1701 -4230 0
3565 -3529 0
-1422 -4851 0
181 1894 0
4028 4463 0
516 2632 0
460 2277 0
1051 -2143 0
2740 1026 0
2069 4756 0
-1335 88 0
4262 1393 0
-3538 3298 0
4275 1899 0
416 1333 0
-1958 -695 0
-183 -429 0
3033 -1685 0
-187 -3259 0
-842 2952 0
1806 -1250 0
-1027 -1245 0
-798 -3044 0
144 -3908 0
-3728 203 0
4519 -4260 0
-1891 -3306 0
2957 -3099 0
3873 -26 0
-3241 737 0
990 -2406 0
-3539 2018 0
-2149 -4453 0
-2871 -3631 0
2312 636 0
2246 -4629 0
3497 -1168 0
-957 -4005 0
-3338 2263 0
-1482 495 0
2726 4561 0
824 4279 0
-1027 -1635 0
-499 2203 0
49 -3572 0
4763 -4111 0
358 -1149 0
-2812 2323 0
3783 517 0
-4434 -3577 0
3532 -1365 0
2542 3976 0
-2217 -3665 0
-3475 -1022 0
4133 -3168 0
-2258 -1873 0
2037 -3659 0
3790 3037 0
2498 -2922 0
400 -4952 0
1564 28 0
6 1017 0
-4509 1711 0
-536 -3290 0
4608 3290 0
-4303 -4631 0
-345 -1038 0
81 2103 0
4051 -4697 0
-4573 3576 0
-2285 -1517 0
1590 2987 0
-1003 -1325 0
-405 -771 0
2406 -3562 0
-2904 4963 0
2633 -477 0
-617 3140 0
-2374 2635 0
2841 -4374 0
-1090 3988 0
4898 2790 0
139 -2115 0
-1900 1680 0
515 1940 0
-3146 -2399 0
1847 2392 0
3205 1637 0
-2752 -4733 0
3402 3986 0
-3690 1132 0
2642 -3678 0
483 -687 0
-3116 -4658 0
-3032 -4693 0
-4691 -1481 0
-3263 -4108 0
-3904 3058 0
-4941 4517 0
1687 2463 0
-4395 437 0
-212 -970 0
4867 1214 0
-3195 2612 0
-4930 -1562 0
2397 868 0
578 646 0
-446 2424 0
-4463 -2116 0
-1588 4886 0
-952 -4323 0
-4955 3248 0
-3315 2013 0
-4297 -4392 0
-614 3614 0
-2433 3278 0
4015 -4757 0
2776 1452 0
-4543 -1856 0
3599 -833 0
233 -3086 0
3993 -4999 0
-1328 -4036 0
-2620 112 0
-3909 4128 0
493 1582 0
-3450 2126 0
181 -2317 0
-518 -1539 0
-558 -4695 0
-1128 627 0
4261 992 0
3605 -1438 0
-4943 -4515 0
547 -3285 0
-964 -1523 0
771 -1628 0
-2530 -4106 0
-129 2892 0
1104 3292 0
1749 2764 0
2351 2040 0
410 -3285 0
2909 2401 0
-3738 2849 0
-4173 3756 0
-1618 4246 0
1383 -3569 0
4447 -2192 0
-221 -1864 0
2419 4948 0
4411 -2896 0
2662 -2073 0
-1897 493 0
-1969 4329 0
4833 -4412 0
2758 1419 0
-1051 -113 0
-4926 -1045 0
44 -3925 0
-2358 -1239 0
1940 -4041 0
-1878 -3832 0
2031 -2815 0
1995 -300 0
-3705 4753 0
4116 -2529 0
-871 1049 0
-1952 -1341 0
1619 1336 0
3963 -632 0
-2090 -4274 0
4959 2893 0
-2956 -3608 0
-166 2971 0
3016 -835 0
4993 -619 0
-2821 4422 0
1223 -2614 0
3690 -2424 0
4187 2427 0
4109 2358 0
2357 622 0
2520 -3607 0
464 315 0
-1142 1966 0
-3211 3154 0
1689 4820 0
1463 4164 0
-1505 1072 0
-4517 -2380 0
-1836 4832 0
-3851 -4391 0
-4906 1242 0
-582 -2390 0
-2149 -2338 0
1184 2091 0
3129 -4314 0
2389 4468 0
-502 -197 0
3838 -444 0
-4384 2709 0
-371 4525 0
3316 2799 0
2551 -2914 0
-4556 -1792 0
-4006 -2859 0
-1738 -4442 0
71 -4960 0
1527 201 0
-4654 -385 0
4199 1125 0
1696 1648 0
-937 1063 0
1192 3376 0
1857 2847 0
-1371 -4019 0
3880 2954 0
-1188 -1070 0
4639 -1739 0
-2949 3208 0
3276 4369 0
1155 4325 0
-2241 -3349 0
-4089 1870 0
687 3928 0
2794 2302 0
-3439 -978 0
-2799 350 0
-178 -88 0
3048 3762 0
-4619 -2495 0
-1140 2139 0
-4514 807 0
-3658 -2313 0
533 2799 0
3235 -3337 0
-4426 -1843 0
-3596 4549 0
-730 2898 0
-2888 -3294 0
390 -4209 0
-2506 -2856 0
-1267 -4267 0
2756 -2486 0
-393 3531 0
3159 -35 0
419 703 0
-2552 2533 0
858 624 0
3072 3753 0
-276 955 0
4051 4740 0
3654 -4221 0
593 4654 0
2099 -735 0
-68 -817 0
706 -3067 0
1367 -3109 0
1105 -3868 0
307 2256 0
-4504 4060 0
2190 -2328 0
4514 -4996 0
-419 1895 0
2065 2826 0
-3023 -845 0
-1492 3041 0
-3939 2197 0
1922 -2367 0
-4297 526 0
3775 -786 0
4473 -76 0
876 -776 0
-3747 1439 0
-325 -3451 0
3679 3782 0
-1652 -1436 0
-4429 1519 0
-962 -2822 0
-3168 -2925 0
-602 -2010 0
-1609 -155 0
2911 -3716 0
-3051 527 0
1867 -3690 0
-557 -1321 0
1993 3026 0
3888 -4874 0
4729 1949 0
-364 -1092 0
3115 -915 0
-4537 177 0
-2057 962 0
814 2107 0
-2468 941 0
-1079 340 0
-928 2227 0
-3359 -4055 0
-2934 3852 0
2544 378 0
4977 -952 0
-3572 4600 0
-290 4545 0
-4000 -1664 0
1682 2816 0
-817 3454 0
-1662 1582 0
3050 -4355 0
-2974 1626 0
-3957 923 0
-3765 -2904 0
2647 -1264 0
-2877 -2872 0
4057 200 0
-4882 3673 0
1207 -14 0
-4483 -2952 0
3236 1577 0
2881 1261 0
397 2246 0
-4562 -2931 0
4103 -2026 0
-3080 3371 0
-4561 -1791 0
-2219 -733 0
3448 -3097 0
-3348 -543 0
1987 -3522 0
-3732 -2796 0
2749 -3953 0
-1064 -4255 0
-4835 -835 0
1803 4524 0
3493 2571 0
-1934 898 0
1851 583 0
-683 2792 0
3312 3038 0
-2059 -123 0
-1124 1745 0
-3634 2545 0
-3433 4809 0
-4870 -1400 0
-4656 2472 0
3785 757 0
1074 2126 0
2676 4540 0
3948 4869 0
-309 347 0
-214 4166 0
-2701 -1012 0
-1042 2388 0
-3257 -4516 0
-3422 334 0
-518 -3177 0
3103 -2136 0
-3830 392 0
2030 96 0
4778 -367 0
-4243 2294 0
-396 -39 0
2888 467 0
3925 -1614 0
1860 -3961 0
-3157 3594 0
-1242 3276 0
4374 2993 0
-42 117 0
-2693 2294 0
4585 -825 0
2786 2404 0
-1119 1557 0
-1097 649 0
837 347 0
-4867 3435 0
388 4156 0
-3006 -2462 0
-1990 4346 0
-2091 -140 0
1264 4365 0
-2430 -2215 0
1434 -421 0
-838 -495 0
-4002 -4259 0
-3364 -296 0
3 4992 0
-3759 778 0
-798 -1309 0
1129 -112 0
-2675 -4625 0
2796 -2465 0
3309 3495 0
2809 4108 0
-3263 1512 0
3729 -4932 0
430 1105 0
-4683 2238 0
-910 -1140 0
1860 370 0
2694 585 0
-348 -4477 0
-213 4563 0
3289 4099 0
-2326 848 0
3197 1609 0
-2318 -1244 0
-1902 -3240 0
-4372 -1030 0
-1125 -4208 0
-2744 3096 0
1776 614 0
2231 -3265 0
3516 2268 0
-931 3713 0
-699 -2964 0
2942 4469 0
-2605 -3250 0
242 -4220 0
4366 -1372 0
-3403 2814 0
-905 -3775 0
-3766 -4062 0
-2071 -377 0
2456 2411 0
-228 1190 0
-4231 1204 0
2261 742 0
4634 164 0
445 2405 0
-2059 2937 0
1683 3233 0
31 1263 0
3058 1272 0
-3899 -1273 0
-1988 -3366 0
-1597 797 0
2665 -3338 0
4983 4052 0
-1831 -4725 0
-602 -1292 0
-4508 1313 0
4244 3105 0
-1520 2598 0
-2505 -3453 0
4687 -840 0
-625 -4184 0
-4749 -2185 0
-4662 4875 0
-1777 -4938 0
2874 -4533 0
1490 2090 0
4345 1771 0
-4153 2607 0
3938 -90 0
1386 2674 0
-3573 3341 0
-2116 4764 0
-2433 -2395 0
-663 1852 0
4560 1364 0
-4489 -183 0
3080 -837 0
-1139 -1956 0
3364 1791 0
2099 -4257 0
3355 -4389 0
255 4168 0
3901 2111 0
-29 1687 0
-750 -277 0
2400 -2237 0
-2270 -1840 0
2327 2651 0
4782 -989 0
-1609 661 0
-1600 -722 0
534 3131 0
-2717 3464 0
3648 4068 0
473 4046 0
561 666 0
2217 -4099 0
-3718 -3605 0
931 -3864 0
-2929 3221 0
3726 -2573 0
4739 4135 0
-237 -152 0
-4614 854 0
619 347 0
-158 -1295 0
1528 4727 0
-1410 3427 0
3609 3337 0
-2836 -1034 0
-1911 1120 0
3783 -2218 0
-2209 313 0
3209 1158 0
-4926 -912 0
-4319 3176 0
-2940 3289 0
-4536 3537 0
-881 -2484 0
4963 758 0
944 513 0
-4917 -4428 0
4439 -2119 0
2191 1184 0
3533 -2762 0
435 1489 0
4191 -3806 0
4619 -971 0
1800 -1890 0
1702 -1221 0
4131 1604 0
-2244 643 0
-4482 712 0
-3238 1472 0
4544 -4570 0
-4161 -3367 0
-3788 1268 0
-1905 -1758 0
2031 3688 0
-4300 -48 0
3029 -2356 0
-3834 -4044 0
3327 -1260 0
1121 -3928 0
-1055 -4371 0
1728 2340 0
-1138 -2624 0
4220 -2232 0
-3974 -866 0
-3505 4739 0
1325 3098 0
3664 -4586 0
-3678 -4201 0
122 -3151 0
2906 -4052 0
399 -3073 0
2954 -2559 0
3396 979 0
3160 -113 0
1718 767 0
-411 4764 0
-3590 -3335 0
-2482 4096 0
4277 -2888 0
2861 49 0
-4409 2181 0
-1857 4381 0
1853 -3009 0
-4478 510 0
2869 2587 0
1760 -1743 0
4962 1235 0
3351 1866 0
-2515 2212 0
-1767 1784 0
1607 340 0
3293 3957 0
3420 807 0
2720 2789 0
2676 -410 0
-460 1369 0
1393 -953 0
-388 3886 0
-282 2113 0
-2317 -4437 0
-1937 -4320 0
-1832 774 0
3105 -400 0
2507 -191 0
-1520 -2040 0
-317 4507 0
2881 -3846 0
-271 28 0
3109 -4843 0
4184 -2040 0
2967 4539 0
1714 4238 0
-795 22 0
-948 2617 0
1948 -3771 0
2379 -2756 0
371 -1132 0
971 4817 0
561 -761 0
2385 -3115 0
-2459 190 0
355 420 0
1726 -2844 0
3643 -1203 0
2311 -1066 0
-2496 3882 0
-1242 -691 0
-1507 -497 0
452 -2625 0
1897 3339 0
3062 -4870 0
4442 -1937 0
3245 -4293 0
3732 -4947 0
4288 817 0
-2480 -4199 0
-902 -2446 0
-4559 -1252 0
-4456 2948 0
3093 727 0
4325 4072 0
2095 4311 0
3894 -4670 0
381 1526 0
-1576 -4536 0
-2810 -3398 0
-2641 -657 0
-3336 2578 0
804 -1868 0
1258 2682 0
3795 -98 0
2944 -2832 0
-4356 4393 0
3014 -3594 0
-607 4019 0
-4826 4773 0
3821 -1393 0
2822 -2834 0
-2538 -4600 0
-881 -4820 0
-3018 437 0
2162 -161 0
-268 -4290 0
511 -4398 0
4529 3128 0
900 815 0
-557 377 0
-1823 4559 0
4415 3398 0
-3065 4287 0
-2752 1403 0
-3265 2404 0
3808 3446 0
-2685 3433 0
-2976 -767 0
563 2014 0
2881 -4746 0
1537 -627 0
2827 1815 0
-1848 -4313 0
536 512 0
2940 2612 0
1754 -3686 0
2237 458 0
2724 -772 0
-3794 -4613 0
1647 -1040 0
1887 4708 0
1212 -363 0
-4328 768 0
2227 1906 0
385 3997 0
-1232 1995 0
2168 -1482 0
-3625 -4986 0
-2280 -2414 0
3851 4156 0
1595 -120 0
-855 3256 0
-886 2973 0
-4685 3111 0
-585 -1796 0
3898 -2036 0
3099 -1962 0
-862 1993 0
-2134 -441 0
1323 2126 0
-3981 277 0
2260 -3349 0
815 -2889 0
-2279 -2096 0
4462 -3122 0
1265 -406 0
-4910 -4140 0
-3409 -818 0
1074 3560 0
-2993 -1921 0
-2925 -739 0
4402 2525 0
-4507 3566 0
-1641 -4804 0
3348 -1300 0
-2464 4894 0
-159 4760 0
-3832 -505 0
-248 -29 0
3299 2253 0
2922 -3547 0
4362 -2173 0
-676 -3195 0
4597 -1552 0
-4318 2520 0
-3374 -2140 0
2418 -2067 0
-2704 1082 0
1653 2100 0
2354 1114 0
1620 -164 0
-3764 1924 0
4481 -1488 0
2986 -2575 0
2034 -2830 0
314 4629 0
4730 -2095 0
-3309 3178 0
-1034 -3051 0
1023 3580 0
-3321 -2203 0
929 -879 0
-1481 -4624 0
-3543 3860 0
-841 5000 0
2709 -301 0
102 1097 0
-2851 70 0
-2191 -1878 0
4253 810 0
3030 -4453 0
3594 -4991 0
2369 1748 0
1160 893 0
-4384 1175 0
2874 -1796 0
-429 -4681 0
4663 -903 0
-1567 -1125 0
2880 4251 0
-2559 459 0
2946 1219 0
1158 -1768 0
3467 4307 0
1355 4663 0
-2311 -1555 0
4774 -3955 0
-3751 2018 0
3880 -107 0
2789 2666 0
-4417 -4262 0
3925 -4192 0
487 3069 0
227 1986 0
3864 2574 0
1503 -1159 0
138 -4105 0
1072 1052 0
1712 -2319 0
3303 4878 0
-1963 172 0
-2659 2167 0
365 -2518 0
209 -670 0
2841 -3460 0
4803 3669 0
-3977 2709 0
1292 -3170 0
410 3681 0
-4156 1791 0
-3802 500 0
-1708 4368 0
717 4001 0
-104 4870 0
-1782 -22 0
-4326 -810 0
3301 -1243 0
4313 -752 0
3630 3935 0
-4273 -2350 0
-4279 -2753 0
-2868 4037 0
3951 -804 0
-1444 -26 0
2291 3955 0
861 1051 0
-1675 -4304 0
-4408 -3636 0
-1865 -4819 0
2017 315 0
2137 -1646 0
-891 1372 0
3541 1984 0
1207 2111 0
1079 -734 0
-1174 -4702 0
330 4792 0
-4843 -1977 0
-503 4747 0
2211 956 0
2115 3142 0
4069 1175 0
-3765 -4938 0
3682 1878 0
1597 3782 0
-2732 103 0
4611 -3951 0
4079 -205 0
96 -4830 0
4294 -638 0
-4500 -612 0
1489 3052 0
1963 -2372 0
298 3847 0
-682 2157 0
-308 -2294 0
598 4254 0
-205 4505 0
-3792 2101 0
1684 -1588 0
-3631 -1142 0
4571 275 0
-4285 1394 0
-675 -2867 0
425 3160 0
-1723 -498 0
3460 -1914 0
-825 -1906 0
98 1954 0
266 2504 0
274 3370 0
-2309 3721 0
3966 1014 0
4891 -627 0
4756 3792 0
-4291 -4639 0
-260 -4263 0
2721 -3144 0
3978 2066 0
-4149 -561 0
752 2011 0
2574 4466 0
2201 449 0
-4655 -2370 0
1533 -3868 0
1736 -3380 0
-436 -337 0
117 -162 0
-581 -3211 0
-3630 -754 0
3959 4873 0
-520 3932 0
-34 4300 0
3778 240 0
386 3070 0
-1800 -1220 0
-1773 -4540 0
-3722 184 0
4289 4227 0
-533 709 0
-421 474 0
-1959 1384 0
1643 1154 0
4072 -551 0
-47 1984 0
-4329 -13 0
-1537 2676 0
914 1410 0
-2675 1072 0
-23 -114 0
4093 -924 0
-396 4981 0
30 -3699 0
-1284 3003 0
-2565 3309 0
323 283 0
-659 -2839 0
-4482 -4096 0
881 -2547 0
336 -1675 0
768 1713 0
-3979 4503 0
-4130 816 0
-405 -3848 0
964 2986 0
-908 3329 0
-4406 -2525 0
1483 -4532 0
-4769 -3802 0
3652 3009 0
4449 -1973 0
-4352 4224 0
-3900 3421 0
1022 -4031 0
-2525 -3754 0
4887 1489 0
3436 4791 0
2364 1438 0
2535 -2647 0
-539 2995 0
-72 3829 0
-1353 1681 0
415 3823 0
-2072 4709 0
865 -4999 0
-3736 -2254 0
3083 166 0
4901 -4291 0
2166 75 0
-247 3709 0
243 3120 0
487 -203 0
4432 2193 0
-663 1560 0
-2256 -203 0
561 4610 0
2107 -2309 0
576 -875 0
-2690 -874 0
-3247 -837 0
2859 2483 0
744 -390 0
782 -3733 0
-3755 -4827 0
1757 -914 0
1695 2188 0
3397 2650 0
2504 -382 0
-3903 -4076 0
-1762 2671 0
4183 4490 0
4788 -4817 0
3348 -1729 0
3328 -1642 0
2604 225 0
-4096 -1872 0
-4110 -4823 0
3349 -544 0
4796 -645 0
231 4621 0
-4602 785 0
2996 450 0
840 2195 0
-469 2155 0
-1590 -1623 0
2659 -3774 0
-773 2010 0
4386 1440 0
502 4956 0
-2883 4392 0
-2733 -4488 0
-679 -3507 0
2010 -2248 0
443 -3123 0
-3524 -3847 0
-4374 -2655 0
863 -189 0
-516 -1527 0
-2654 2202 0
-2130 3577 0
-594 -3045 0
4575 -2530 0
-997 253 0
-768 -672 0
2787 -812 0
-4537 1791 0
-2883 -2089 0
2978 2580 0
-4659 2598 0
3247 3565 0
642 3753 0
-3971 -158 0
4408 4507 0
-4235 -4584 0
-3904 -270 0
3386 3592 0
1997 2085 0
-1499 3333 0
-2626 -3664 0
1963 -998 0
-1085 -277 0
963 4698 0
-4095 -3794 0
655 831 0
900 -3266 0
-2692 -2441 0
-3318 -2637 0
3640 -4969 0
2881 3233 0
-1597 4505 0
-2368 -3155 0
-4840 618 0
1628 1028 0
-2952 2335 0
-2591 -4775 0
2006 -801 0
-1852 -3925 0
-2761 4516 0
-3949 -453 0
-2174 664 0
-802 1152 0
4802 -1674 0
-4759 4249 0
-3739 4291 0
-1784 -4504 0
-3413 -4972 0
2154 4170 0
5000 1061 0
-342 -2754 0
893 -2372 0
-266 314 0
4455 -2363 0
-3526 1663 0
474 -4627 0
-2992 -2396 0
-2453 4693 0
-3497 -1317 0
4976 1421 0
4407 3362 0
-290 -4344 0
1760 3527 0
-2497 -4895 0
1697 -4803 0
4138 611 0
4249 -4048 0
1796 -2376 0
1819 -4035 0
-211 -1337 0
4885 2102 0
4434 -1035 0
4654 -3970 0
-704 3282 0
4960 -753 0
-2748 -1046 0
-3794 3465 0
-2432 -3277 0
4663 -271 0
1410 -1008 0
2354 -2737 0
-4456 -4099 0
4283 1049 0
2336 2372 0
2266 3280 0
3940 -1631 0
2749 4227 0
-310 2988 0
-4220 -4425 0
-1263 -4115 0
-188 796 0
3360 -3220 0
-4007 -1866 0
1418 -1712 0
-3193 4540 0
-380 -483 0
-3694 1983 0
3250 -1607 0
-4049 98 0
-2389 -2268 0
-2228 3167 0
-3313 -7 0
-2361 -3729 0
4145 -4304 0
-2113 4457 0
-148 4590 0
-4547 4427 0
1279 -4411 0
1625 3121 0
-3793 -2623 0
-4120 4238 0
2387 -914 0
-1320 -1977 0
-3145 -796 0
-3282 3680 0
1424 -2868 0
4674 -4914 0
4604 2128 0
2762 4388 0
4012 -1894 0
-577 709 0
159 -2966 0
3004 717 0
4324 -819 0
-183 -4333 0
1525 -1683 0
900 3627 0
3365 -571 0
-4254 2348 0
-2730 -3560 0
1397 -3593 0
-3258 -4619 0
3772 391 0
-720 4708 0
1272 4541 0
4197 1040 0
-568 -2618 0
2973 2367 0
4769 -660 0
276 -1872 0
2188 -3023 0
67 2551 0
-870 -1849 0
1151 -3171 0
-4534 3783 0
-4521 -2009 0
2691 -648 0
1410 -2170 0
1182 -3471 0
3246 -1021 0
1108 -2386 0
-3992 -222 0
-2940 -1633 0
-4846 3776 0
-3527 1415 0
-489 2965 0
2541 125 0
-89 -4804 0
-4003 -1222 0
-356 1574 0
-4253 -2354 0
-670 -3673 0
-3138 -350 0
-1869 -3950 0
-4825 -3778 0
-2926 2634 0
-1058 -1052 0
3024 -673 0
-4221 -4295 0
611 -4339 0
-856 4159 0
-4733 2105 0
-4233 3443 0
4334 4472 0
2787 358 0
232 4470 0
2588 -98 0
-3389 -927 0
1124 -1253 0
4214 360 0
-3270 -2838 0
-323 1824 0
-1105 2166 0
1000 -1269 0
956 -3112 0
155 3719 0
300 -557 0
2428 -3018 0
-3105 1294 0
3227 3977 0
897 4807 0
-3211 -3234 0
-2451 -4348 0
3994 3160 0
-3503 490 0
-3327 -4556 0
2714 -2421 0
4013 -1273 0
-4377 -615 0
-2231 -2001 0
2376 1347 0
-1322 -3855 0
298 -4760 0
-3768 2254 0
-684 -1180 0
4874 -3525 0
4807 4578 0
3858 4251 0
-3816 2403 0
358 -4244 0
-125 -201 0
-2907 -2640 0
253 -3368 0
2269 -1699 0
-1147 1938 0
-3348 1633 0
3649 1092 0
3152 4878 0
3052 1713 0
4083 -1699 0
3419 -4381 0
-3542 -316 0
1355 -4526 0
-1475 -302 0
4126 1312 0
-3497 3490 0
-985 4542 0
-1064 -3283 0
-3367 -1948 0
-524 4617 0
2441 -1683 0
-2374 -2100 0
-3560 347 0
-3958 4061 0
-4309 -3536 0
-2297 4324 0
-1557 3849 0
-3462 1293 0
-751 -4668 0
-1361 417 0
4668 -3297 0
4495 624 0
-2034 4934 0
3462 -4458 0
4437 1816 0
-3873 -2755 0
-2348 -4388 0
4728 4869 0
-213 2532 0
3333 -3753 0
2413 -4743 0
-3382 99 0
-494 -4061 0
2972 -297 0
44 2818 0
1407 4029 0
4894 -1557 0
-2734 3878 0
1386 3784 0
1605 -4192 0
135 3462 0
2297 -4944 0
793 3507 0
-1257 4536 0
-3682 1310 0
582 -2090 0
-1285 4210 0
-2461 -2332 0
2803 4112 0
-4964 3731 0
3208 4498 0
3044 -1303 0
2417 -49 0
3575 1607 0
4656 3646 0
-1927 -3214 0
3984 258 0
-1015 1536 0
-2328 1075 0
1164 -353 0
949 1348 0
-1079 -2469 0
-2524 -92 0
-4343 -3814 0
-451 -374 0
4565 -1925 0
4904 160 0
-3583 152 0
4587 1455 0
2055 -4292 0
-1459 4116 0
479 3997 0
3507 306 0
3103 -1327 0
2457 9 0
-2875 4597 0
-1237 -853 0
2800 2448 0
1265 535 0
1606 -4917 0
2566 -4885 0
-2614 -4344 0
1522 3614 0
3570 4841 0
1891 -1291 0
2633 -2838 0
1505 1934 0
3978 4580 0
438 -1843 0
1266 1864 0
1653 -4508 0
-191 3142 0
-504 20 0
1558 -1707 0
-1086 2004 0
-690 3933 0
2141 3391 0
-4744 -3126 0
3457 3563 0
-2731 -565 0
-1567 1932 0
-522 4921 0
-829 794 0
-1015 -4696 0
-2196 -2640 0
-199 -2722 0
-2413 -4564 0
-4596 22 0
4476 3881 0
1648 1785 0
1436 -3344 0
80 -3290 0
910 -2233 0
-198 3683 0
-645 1854 0
-4580 -4657 0
247 -2913 0
-542 4658 0
2890 -264 0
-1385 -1327 0
-4880 -3447 0
1339 4711 0
1051 -996 0
-160 2263 0
1453 -3843 0
-4542 1873 0
2201 -901 0
-2089 2463 0
-3874 1847 0
-3093 1008 0
2316 4453 0
-2403 -1958 0
-3804 -179 0
3072 -755 0
-653 4860 0
-3327 -27 0
-3590 -866 0
-3768 -3741 0
-4829 -2296 0
-557 -3356 0
1939 -3643 0
-1670 -1690 0
768 -2853 0
-1222 4089 0
1216 2161 0
-475 893 0
-1134 2569 0
-4615 3061 0
-303 1958 0
3609 -642 0
-2276 -1410 0
-2767 1503 0
2592 -3837 0
2129 2986 0
1395 -1013 0
1765 1582 0
173 326 0
3178 -3169 0
3736 -3131 0
-3980 -4307 0
-3620 2015 0
-3658 1161 0
3348 -1971 0
2013 -1792 0
-3071 3727 0
-4246 -4257 0
-1201 -2613 0
-3802 2988 0
-473 4227 0
-532 -1566 0
-4789 -780 0
1508 -4108 0
-4986 917 0
860 846 0
-2968 3921 0
-2332 3117 0
-3138 -4409 0
-1985 4182 0
-3330 -2805 0
-3143 2018 0
1085 -4831 0
-696 -2756 0
-4511 1082 0
-176 -4006 0
-1565 -871 0
-2674 3363 0
4808 211 0
241 2091 0
-1069 -3323 0
342 2251 0
1111 552 0
607 -4793 0
-3975 2898 0
349 -1238 0
1833 4986 0
-4179 1748 0
4117 -272 0
-1152 -3496 0
3780 -3199 0
-2560 3377 0
4150 -4819 0
2592 -497 0
1255 1038 0
-618 -1984 0
2487 3110 0
-2388 -1280 0
3212 3073 0
-1964 -1181 0
-2423 -3986 0
3393 -4853 0
4377 -2289 0
-2651 4441 0
4451 -286 0
4624 1699 0
-3646 679 0
4470 4715 0
-1036 -36 0
-4563 2199 0
-2540 2862 0
1728 -270 0
-1865 4059 0
4658 3379 0
2947 -839 0
3220 -3458 0
-919 3430 0
-4686 -2321 0
-68 -682 0
4187 -2961 0
-4043 819 0
-2801 -2291 0
-4020 -3119 0
-1152 -2521 0
3187 3879 0
-2018 1288 0
-3250 -3017 0
3981 -2944 0
1278 4884 0
1407 3976 0
-1521 1149 0
-4136 -4078 0
1308 2493 0
2616 7 0
2901 -253 0
2038 -1582 0
-1658 -835 0
-1966 666 0
-3797 -738 0
1133 -3521 0
4141 -1547 0
-255 -4014 0
3730 -954 0
-4055 3925 0
-2882 -4279 0
-955 4210 0
2012 1396 0
3845 2205 0
-1136 951 0
3295 2887 0
-3106 1832 0
-956 3575 0
-2252 2945 0
4403 -1520 0
-4222 -3372 0
2521 927 0
4055 -3376 0
1896 1370 0
3703 -1310 0
2990 -2067 0
2064 -1649 0
-130 -1733 0
-2707 1995 0
-2493 4908 0
-2592 3621 0
-620 -487 0
1608 -4686 0
4231 942 0
2007 -1032 0
712 -3107 0
2952 3316 0
-4020 1540 0
-1445 4961 0
-3711 868 0
3666 -3925 0
-426 134 0
-3524 -3444 0
4350 2022 0
-2633 -105 0
-3166 -2105 0
4608 4246 0
4277 457 0
1458 -1166 0
-714 1523 0
-3692 -692 0
4724 2338 0
300 -3015 0
3246 4483 0
4064 -2648 0
3488 -626 0
-3951 -2205 0
1539 3906 0
-3881 -3591 0
-801 -324 0
-3510 1294 0
823 4280 0
-3134 2998 0
-3832 -2907 0
4829 -2621 0
2459 -1701 0
-2655 -2565 0
-1119 495 0
42 -2713 0
2429 4496 0
1044 3927 0
-2394 -2704 0
-2434 -203 0
-2793 3948 0
-1126 -4762 0
-1792 4422 0
-4149 671 0
-3837 1163 0
741 -2165 0
400 46 0
-3739 3516 0
2067 -1002 0
2903 2337 0
-607 -1721 0
1249 1299 0
-1051 -2994 0
3627 965 0
890 -287 0
-71 3734 0
-2184 1830 0
2889 -1925 0
-1091 2036 0
-2942 1685 0
-398 -4134 0
2661 -358 0
2120 3784 0
-4472 2347 0
1342 -1507 0
-3893 1903 0
567 -121 0
-2056 -2002 0
1310 487 0
-1825 4299 0
2298 -4337 0
4925 2303 0
-1564 -4328 0
4197 -4298 0
-4548 315 0
-1774 -4586 0
-1300 -1847 0
2891 -1387 0
-695 -3638 0
1088 -208 0
4984 3793 0
774 -4548 0
1538 4297 0
952 -314 0
-2809 -1012 0
3188 4312 0
-3033 -2726 0
294 1633 0
-3816 1698 0
-2477 -3468 0
2796 -1763 0
-4717 4823 0
-3474 -2561 0
-20 644 0
-692 4884 0
2725 3122 0
-4048 -4239 0
3677 1774 0
-2147 -3201 0
-3109 4893 0
2793 2001 0
3748 -2781 0
-2904 -4110 0
77 241 0
-3752 -2666 0
-2513 1689 0
-2573 33 0
-2463 2622 0
3974 -1463 0
-2163 4815 0
4662 -4131 0
-1577 4710 0
-883 -573 0
2154 1860 0
4182 -1801 0
941 1180 0
613 299 0
3860 2339 0
-1719 145 0
-4514 3155 0
4188 -4538 0
1054 -1102 0
-2083 2515 0
4959 -513 0
-1634 -24 0
-1294 348 0
1218 -2031 0
-1431 -1965 0
701 -1363 0
-1977 3111 0
398 -143 0
-467 808 0
4139 -1000 0
3197 -4302 0
-1204 -2304 0
3267 4668 0
2889 -3412 0
1732 1413 0
-1855 -3959 0
-1531 -4189 0
1042 -4070 0
3459 -488 0
-1761 -3362 0
-1435 4529 0
-1171 3024 0
4322 -3723 0
-1958 -559 0
4325 -4341 0
-344 2125 0
-3800 -2464 0
983 -4335 0
-3793 1546 0
1345 3975 0
4930 1846 0
-2653 -1949 0
-1165 -1472 0
3070 1374 0
-2787 -2952 0
158 2798 0
412 -558 0
655 -4841 0
2664 -3154 0
-3694 4909 0
3988 358 0
-4830 -4789 0
1176 4299 0
1529 -667 0
-885 2573 0
1207 -4071 0
2045 -858 0
2374 -4971 0
618 -2424 0
-323 -2621 0
4635 2895 0
658 -179 0
4097 -1689 0
-4561 -26 0
2835 4028 0
3095 -1691 0
-4962 2573 0
-298 1531 0
-4631 -480 0
-1727 -4358 0
3635 4018 0
2818 -3502 0
4855 2846 0
-525 -2823 0
-2056 -2616 0
504 -3613 0
1518 2674 0
-4362 -2675 0
-3231 -2127 0
2153 -3516 0
661 -683 0
149 -3222 0
-91 4393 0
-1392 -3857 0
1314 1974 0
-3525 853 0
-4631 2903 0
-3031 3731 0
-3183 -1142 0
-1622 1076 0
-2226 54 0
83 -1900 0
4289 -3529 0
834 -585 0
-1927 977 0
-4942 3751 0
-4585 -2636 0
-2861 -568 0
751 -1948 0
3151 1119 0
3611 -1609 0
-4638 -1056 0
-1830 406 0
1792 194 0
-1226 2110 0
4729 4566 0
-888 -3976 0
4284 2216 0
-1785 1014 0
4999 -3007 0
4868 4874 0
3375 2593 0
-950 -3706 0
-4240 4919 0
4604 2729 0
391 2215 0
-3730 4917 0
2099 -3758 0
-3260 3230 0
856 1825 0
2205 -318 0
676 15 0
3245 -2972 0
-3060 -2767 0
372 -2852 0
-333 187 0
-774 2000 0
-2796 -4058 0
-1121 -4415 0
447 4072 0
2009 -414 0
-3914 1790 0
3365 -4654 0
4334 -939 0
-1802 -372 0
2069 -1423 0
-3009 4987 0
-2933 -3794 0
522 741 0
361 1457 0
-732 -2897 0
2993 3952 0
-4130 -950 0
2497 3338 0
-3058 -911 0
-818 1773 0
-4170 2557 0
1434 3531 0
3635 1916 0
-1843 2846 0
-3332 -2493 0
-2916 4303 0
-4662 1181 0
-3683 -2432 0
-2561 3058 0
4991 460 0
-244 4624 0
-3723 4532 0
783 -104 0
-4832 1733 0
-1873 -3154 0
-1196 4014 0
2619 -4780 0
-2054 4931 0
-2487 1157 0
-1568 1620 0
-921 -2411 0
2358 2237 0
3216 -2005 0
-1737 4258 0
2186 -1058 0
-4047 -893 0
-953 -2725 0
3267 3917 0
-4232 -1629 0
2141 -2269 0
4152 205 0
1818 591 0
2644 -3960 0
-1517 1468 0
2431 3273 0
4788 2264 0
2465 -239 0
3696 -1258 0
2717 -2221 0
2404 1489 0
3091 -4193 0
-3702 -1845 0
-1935 -108 0
-2803 -1983 0
4696 2588 0
2030 1520 0
-4525 -2447 0
-1307 3026 0
2355 419 0
735 2158 0
-3663 1971 0
1297 2410 0
1137 -423 0
-2940 1228 0
4269 4472 0
1929 -394 0
-2518 -4188 0
1613 -3435 0
-3914 2626 0
2449 2770 0
1294 -3800 0
3873 -202 0
3098 3138 0
2603 1080 0
-2904 -4851 0
2236 1393 0
3589 3042 0
4626 -2875 0
-1340 2740 0
2467 4762 0
4908 -929 0
-1426 1634 0
3551 3558 0
3253 1306 0
4750 -3997 0
3231 -1768 0
1001 2779 0
1265 3337 0
573 1405 0
-2989 2964 0
-1304 3288 0
-2434 4736 0
-627 3716 0
1391 -2881 0
3305 -237 0
-1608 1838 0
714 -2585 0
4573 -4369 0
-2675 158 0
539 -2013 0
-876 -2465 0
4688 913 0
946 1741 0
1362 -3106 0
634 -1025 0
-608 -2024 0
683 3190 0
-2125 -4951 0
4501 956 0
-945 25 0
-224 -4563 0
-4297 -1564 0
2696 4901 0
-2003 4132 0
481 1768 0
3993 -2230 0
-2207 1565 0
3279 -4849 0
4890 517 0
-1469 -2568 0
-4506 448 0
-3704 248 0
1875 2287 0
2846 2194 0
329 -1761 0
-3427 2384 0
1459 2232 0
222 3705 0
-953 -733 0
-4674 2873 0
-71 -3898 0
-545 4197 0
875 -2979 0
4850 -275 0
-4005 -3964 0
-2473 4425 0
3036 1353 0
2937 2597 0
1676 1098 0
-1331 4607 0
-2151 -3630 0
4040 4792 0
323 -1319 0
-2196 -3147 0
-318 719 0
4035 1577 0
-1714 -919 0
710 -1002 0
4293 -1792 0
-3173 279 0
-2726 -2204 0
-3082 -1942 0
-1508 -760 0
-1595 1715 0
-3818 746 0
4456 4432 0
-1061 1232 0
-3274 -237 0
-3740 452 0
4388 4230 0
-2695 142 0
4090 -4825 0
1004 1976 0
3876 3914 0
-4157 4724 0
-1993 1697 0
1253 1056 0
4160 4082 0
-3529 -1808 0
1891 -3136 0
-1571 -1368 0
-3914 -953 0
2834 -3270 0
4595 1167 0
-365 -1483 0
-3227 421 0
620 903 0
-1944 -3692 0
-564 4056 0
-1597 1520 0
-4035 -3544 0
-2100 1237 0
4006 1109 0
4376 1696 0
-3488 707 0
-646 -1471 0
-2577 1995 0
4088 1232 0
-1483 -1678 0
-1355 -4658 0
-1647 3111 0
4294 -4331 0
-1961 -1121 0
2183 -4597 0
3275 -3041 0
841 -4847 0
-861 -3006 0
1759 4253 0
-720 1124 0
483 174 0
4279 2335 0
1955 1227 0
403 3159 0
3170 4741 0
4069 4012 0
-3591 881 0
4498 1308 0
-4075 2926 0
-1496 1762 0
-4454 4794 0
-274 3574 0
126 -4428 0
686 1492 0
4117 -3044 0
1068 2017 0
1405 -2492 0
2445 1116 0
-512 3175 0
-4790 -3913 0
-1735 -1212 0
-1950 -3766 0
-3455 452 0
3011 274 0
3071 4764 0
1161 -3447 0
-3142 -1868 0
807 -2317 0
-714 -3131 0
-1606 -3352 0
4420 -4677 0
2621 317 0
-3900 4427 0
432 2280 0
1075 -4018 0
-1479 -2884 0
-1839 4804 0
694 -2651 0
-1462 -3153 0
282 235 0
841 -4408 0
1554 2116 0
3502 3896 0
2471 -430 0
-2705 -1601 0
-281 -4101 0
-3340 -1992 0
2197 256 0
-4419 -179 0
-3233 -1985 0
-4334 -11 0
3942 613 0
1769 1005 0
3699 3448 0
1654 2069 0
3618 3241 0
-2146 -569 0
2559 -2969 0
-815 -4752 0
2726 -4399 0
4228 4332 0
3026 766 0
3268 -4320 0
4382 -3937 0
-3431 495 0
-735 978 0
-4838 827 0
-4467 3036 0
-2684 -3935 0
4577 -1752 0
-3204 -225 0
-1465 4546 0
4019 -893 0
-1057 1619 0
-2857 4876 0
-4040 2557 0
-2805 -4331 0
832 3021 0
1924 119 0
-2171 -1652 0
-3179 3599 0
-4176 2298 0
3055 197 0
-4026 3319 0
-815 -4317 0
-1699 4763 0
4792 -4687 0
-2882 -4097 0
4242 -2919 0
2404 -2620 0
-1000 -90 0
-116 -3244 0
-3207 1189 0
-4635 431 0
2334 -4943 0
4986 2792 0
4838 3153 0
2012 -710 0
-4030 2721 0
-4633 -1914 0
-205 3550 0
-3587 -3012 0
-3898 -2646 0
-70 1367 0
1825 538 0
-641 -1458 0
4961 165 0
3387 2428 0
-2267 3893 0
504 -512 0
4519 -2458 0
469 2712 0
-3101 -3512 0
1318 -1314 0
-893 2179 0
-3267 4420 0
-4972 -317 0
-882 2983 0
-3930 919 0
2923 4981 0
-2278 486 0
-1766 3686 0
3251 424 0
2601 -2380 0
3352 -3408 0
-502 1530 0
-1962 4006 0
1193 1241 0
-2697 842 0
-2500 4504 0
-1288 -1230 0
-666 -1313 0
670 -1857 0
-933 1718 0
1571 2065 0
2213 -1670 0
-1721 1202 0
-1723 4323 0
4129 -1463 0
-3672 2546 0
3329 798 0
3084 202 0
-89 -4405 0
-1326 2399 0
-3355 3248 0
-2273 -836 0
4382 4040 0
-983 -448 0
-1925 -3946 0
-4819 -510 0
3691 88 0
-4541 -4731 0
1532 1977 0
4503 138 0
766 -1665 0
-4173 -2248 0
-455 692 0
1634 2590 0
-3301 994 0
559 -3917 0
-3351 -1518 0
4210 -3231 0
-3891 3739 0
-787 -541 0
-4788 -2666 0
-2873 3393 0
1802 -2179 0
-2045 2237 0
2832 4028 0
-4260 3357 0
3888 206 0
4057 -1037 0
-622 3194 0
-2497 4915 0
4735 -3734 0
1865 2507 0
479 4909 0
-4977 4988 0
2427 174 0
-3117 -3579 0
173 4957 0
-3105 513 0
-686 1785 0
-302 3396 0
2117 1149 0
4649 320 0
3520 -444 0
1031 787 0
-142 1845 0
-1293 -1344 0
835 -3539 0
2081 2469 0
570 -662 0
-674 3674 0
3471 3108 0
404 -1402 0
1593 -36 0
-1715 364 0
4599 -3848 0
-1105 3282 0
4506 2230 0
1359 2588 0
4926 1269 0
3977 -586 0
-4349 -498 0
-3744 156 0
1223 3978 0
962 423 0
-3138 -4957 0
-370 -4146 0
-4665 4577 0
4673 3872 0
98 839 0
-1201 267 0
-3583 -1530 0
2724 560 0
1208 1555 0
-3587 -4797 0
-2606 -1949 0
-2865 -814 0
-3251 1230 0
-128 -1875 0
-3340 175 0
-4868 -4843 0
1759 2775 0
4333 74 0
-4358 22 0
-4229 3339 0
942 4252 0
-2191 -2471 0
-3639 315 0
874 -4941 0
19 4510 0
3146 -988 0
3815 -1249 0
2887 -3433 0
-2260 -611 0
-780 -835 0
385 -62 0
4471 -1539 0
3785 -303 0
724 -2817 0
-3079 1533 0
-678 1120 0
2270 2321 0
3963 2226 0
1891 4952 0
4383 3263 0
3263 4756 0
2865 -3218 0
16 2852 0
2055 3076 0
-1718 -504 0
-4347 -4406 0
616 4295 0
2842 4491 0
-1229 -4581 0
1198 -3001 0
4177 2775 0
-267 -943 0
65 -1848 0
-4154 4098 0
-4242 1311 0
611 3417 0
-2061 1127 0
-3868 4336 0
-4749 -4105 0
230 -3789 0
-432 -4300 0
-3947 -4519 0
2583 2048 0
1055 -3231 0
2985 2023 0
-3751 3599 0
712 2976 0
4115 -874 0
-3986 -2382 0
4185 855 0
3937 -4532 0
3899 2374 0
3840 4124 0
-2574 -1019 0
3007 -3944 0
-2760 4163 0
1421 2177 0
-2901 -3015 0
-519 -1883 0
-4339 -3023 0
-4631 -530 0
-1795 4769 0
753 1946 0
1485 -601 0
730 -485 0
-2356 -1889 0
-667 1444 0
686 1458 0
3742 570 0
1324 3823 0
3485 1959 0
1544 3371 0
-2992 -1404 0
-1476 4715 0
-4216 3987 0
4737 -4315 0
-4084 2755 0
4088 1468 0
-2148 3541 0
-4923 -3234 0
-106 4508 0
2937 -3149 0
2846 232 0
-520 -963 0
-616 2394 0
1071 930 0
-4746 2389 0
-2424 -2701 0
4954 776 0
4224 -1513 0
3920 -2725 0
2302 -2343 0
-94 3003 0
2516 68 0
-2012 1561 0
-4874 1143 0
-2054 -1360 0
-4170 -2844 0
4021 -906 0
-3779 4346 0
4381 2387 0
-4388 -1174 0
1740 -3875 0
-4103 -4904 0
-263 2274 0
-2484 4134 0
-3208 -1925 0
4940 3910 0
1013 3383 0
3655 2915 0
-4149 1575 0
-4925 3006 0
-709 4198 0
1831 4121 0
271 3283 0
2425 -4302 0
-3739 2234 0
-4729 3410 0
2250 4488 0
-4916 -2411 0
-3047 -2878 0
-1838 3110 0
2234 -629 0
2673 -3350 0
3424 -99 0
-191 -4462 0
-3293 -4445 0
-3380 3271 0
-3853 2682 0
-523 -1802 0
256 -667 0
4893 -4200 0
849 -3002 0
4377 228 0
4804 2568 0
-2408 -3368 0
-3522 -836 0
-4769 505 0
-4920 -4826 0
-1899 -2488 0
-1665 2929 0
-1830 409 0
2722 3411 0
-571 -2881 0
-4774 2481 0
-1092 -709 0
-3876 -1110 0
1249 -2649 0
-3604 4344 0
2828 -2901 0
-1190 2435 0
-4132 -4865 0
124 3838 0
-4630 113 0
3054 3857 0
4847 -4724 0
1514 -4150 0
-3675 -634 0
123 896 0
2005 3281 0
674 -304 0
-2940 1616 0
-2547 -2163 0
1793 -2336 0
-4534 -2554 0
-4212 4752 0
-1917 -3321 0
4526 -3362 0
3954 -1036 0
-1720 2617 0
-1408 -1805 0
2588 2593 0
-1801 3654 0
1524 1220 0
-2709 1200 0
1451 -1791 0
-3829 4170 0
-2430 246 0
-1074 2758 0
-1586 -3382 0
-3148 3747 0
-3184 -4112 0
-3455 2681 0
2233 -2128 0
-3798 -4066 0
-1117 1220 0
2389 264 0
4420 3047 0
-2216 4747 0
3697 70 0
1889 -117 0
2409 2008 0
-4811 -4320 0
1781 -901 0
3014 4375 0
-4688 -4219 0
-134 1817 0
-211 3103 0
2041 1947 0
-1191 -680 0
-1913 -3818 0
93 -2983 0
-2931 611 0
1688 -4468 0
-4514 -3787 0
4831 -4934 0
3729 -4813 0
3537 -4677 0
-3099 -730 0
-1661 720 0
2748 -548 0
1015 -3821 0
-1356 -4747 0
100 4500 0
-4354 -2914 0
-4327 -1262 0
-4154 -3811 0
-1427 -4132 0
2306 -1383 0
-1708 -921 0
993 4912 0
-2232 3002 0
2039 3316 0
-4522 2792 0
-2226 4486 0
-4529 -3036 0
4655 3094 0
3356 678 0
-2182 22 0
3989 -1620 0
-421 -576 0
-1758 -2564 0
2111 -852 0
-4402 -3958 0
1805 -3673 0
4331 55 0
4828 -3847 0
640 4381 0
-4080 -758 0
-4621 1566 0
1225 4956 0
-4765 -1053 0
-4234 4533 0
3021 246 0
-964 -3526 0
480 -3026 0
1747 -2871 0
602 1564 0
-3465 -4963 0
-538 -2909 0
-3999 -2823 0
759 1632 0
2941 1485 0
-3569 2500 0
1852 3793 0
-3249 -1584 0
-623 -1864 0
1952 2797 0
-1353 3985 0
-4568 -295 0
1435 2601 0
1152 694 0
-1053 -26 0
-3421 -213 0
-2125 4436 0
511 -2189 0
-1860 2131 0
4652 -2451 0
1574 3830 0
-1668 -1228 0
2498 4673 0
-699 3122 0
-2303 -4418 0
-2830 1051 0
469 2096 0
670 467 0
1519 -1676 0
3399 -908 0
3662 -4472 0
-1887 4826 0
-4879 -4375 0
682 2890 0
-411 116 0
-3796 -3287 0
3442 -4764 0
-4049 -2983 0
-4489 -620 0
-3949 -1918 0
-1279 1163 0
3246 356 0
1373 -168 0
4903 2264 0
3102 -2944 0
-4137 1231 0
-3259 1160 0
-1595 993 0
3743 -1595 0
3417 1624 0
-170 -23 0
1232 -952 0
1518 -4479 0
-3712 3132 0
-4819 4103 0
-2179 -2377 0
1919 206 0
1758 -2376 0
-472 -3073 0
-3683 -1056 0
-103 4584 0
-1186 -4442 0
-4840 -650 0
23 -2772 0
2774 -3629 0
4439 953 0
-1821 -4068 0
-3756 3684 0
4859 -1720 0
2111 4113 0
3831 -3266 0
765 3339 0
1571 1475 0
-4854 -3221 0
-1937 674 0
2982 556 0
-4048 3701 0
2784 -4977 0
1023 2427 0
-3075 -2579 0
3381 3599 0
4268 4372 0
-3710 -975 0
3872 -1618 0
-2555 -2104 0
1136 1299 0
-2924 -3213 0
-2795 -2129 0
1524 465 0
-2807 -3159 0
1937 686 0
17 -4151 0
-91 3417 0
28 -3680 0
-4650 1453 0
-882 -2707 0
1774 2704 0
1866 -2902 0
-4571 2818 0
-1617 -2439 0
-4892 4711 0
11 3638 0
-2071 1907 0
845 -3947 0
2424 -4233 0
2072 -120 0
1740 -1763 0
4761 -1837 0
-4206 -2149 0
1897 -3822 0
3503 2059 0
981 -2506 0
-1055 -4454 0
-655 1230 0
-1115 2575 0
-4488 4314 0
-1668 2527 0
-4822 2857 0
1000 2273 0
-296 -1421 0
2830 427 0
1714 949 0
3118 3562 0
936 2194 0
4852 -1632 0
-3851 -2714 0
1598 -983 0
4415 445 0
-3718 4545 0
-2873 2020 0
-1174 -2198 0
4470 892 0
1115 -4420 0
1665 -1061 0
-65 4148 0
-1356 1184 0
1074 2473 0
-4153 4495 0
3305 -4901 0
-2430 1446 0
613 1553 0
-4401 3320 0
3358 -1525 0
1676 -4953 0
-3443 1521 0
714 -3611 0
-2848 -1827 0
73 -192 0
1331 -3513 0
-52 1041 0
472 -3019 0
2112 -3508 0
1062 -4755 0
-95 -3795 0
2227 1137 0
1369 4899 0
3860 1599 0
-4476 4949 0
-3253 2052 0
-4023 -412 0
-411 2919 0
857 -1517 0
-812 852 0
-3570 593 0
1497 3721 0
2599 -3224 0
2223 3305 0
3829 1702 0
4629 -3347 0
-4668 -366 0
3633 -3132 0
-2 -4369 0
-4501 -2346 0
1312 2581 0
4878 861 0
3450 -3718 0
411 3091 0
4057 -3831 0
-88 -2743 0
-3819 2854 0
-647 -4303 0
-3193 4503 0
4902 -3614 0
-2852 -2403 0
1586 1530 0
-1790 -2008 0
-3068 51 0
-1007 838 0
3063 -2855 0
2703 -2663 0
2056 -4374 0
-2582 -998 0
-1303 3432 0
-1000 2717 0
-1500 473 0
428 2953 0
-580 -4673 0
1760 -843 0
643 -4131 0
1383 1991 0
-4568 1485 0
-674 4651 0
-4773 3468 0
3183 2202 0
-1775 2573 0
-127 3520 0
-2647 794 0
917 2902 0
735 3344 0
-4353 -4040 0
1472 -3332 0
3656 -4079 0
-3560 4638 0
-3753 -2216 0
1372 4662 0
-3218 -3036 0
-127 256 0
2591 -1024 0
660 -3353 0
-2003 4172 0
-1007 -2305 0
305 -2086 0
-4998 972 0
-3736 -1561 0
-4269 3231 0
-1927 2105 0
-1174 -4712 0
1674 1664 0
4987 -2197 0
-2814 759 0
-3450 -2418 0
96 2380 0
2399 561 0
3576 -3071 0
-1833 1382 0
-642 605 0
-765 -1932 0
-961 -302 0
-4085 4305 0
3422 1007 0
-2956 3089 0
-438 2204 0
-2408 -4948 0
-4419 -3479 0
2097 3708 0
-2282 1043 0
1136 -542 0
4492 2641 0
2914 -4016 0
-4982 606 0
3133 -37 0
1562 3831 0
-4048 -3960 0
-128 424 0
-810 60 0
4524 -3858 0
2606 4946 0
-3685 -241 0
2171 -2961 0
1746 4918 0
-3598 -2124 0
3902 4806 0
2295 -4157 0
374 1568 0
4026 3328 0
3580 4868 0
1330 4155 0
-3717 -253 0
1990 2048 0
-2365 4768 0
270 1900 0
1618 -3487 0
-3825 73 0
4390 2952 0
-3498 -3636 0
-4374 -4012 0
2866 258 0
511 4383 0
3527 -318 0
-2489 -3642 0
4669 2234 0
-2922 2059 0
-1013 2725 0
-846 -1704 0
4805 698 0
-1279 4433 0
-1966 3994 0
4437 3454 0
2737 -4875 0
3998 -4521 0
-4835 -1065 0
1238 -2278 0
293 1123 0
4766 1491 0
496 -4891 0
2416 2768 0
-1077 2881 0
1910 -3950 0
2614 -3076 0
-2239 -4843 0
3235 989 0
1789 -3779 0
2199 -2150 0
4505 -3537 0
-4946 1461 0
-4381 2789 0
3040 -1817 0
2614 3117 0
-400 -2871 0
-4279 -2454 0
4476 -2653 0
-3184 -2434 0
4337 -331 0
3090 3434 0
4814 -4445 0
1722 -1649 0
3747 3449 0
2366 -4032 0
249 1066 0
1358 -3772 0
-3121 -471 0
-2448 -3505 0
4111 -4084 0
-590 1197 0
3652 1564 0
3967 4049 0
2148 -2390 0
1466 4409 0
2656 778 0
-893 -751 0
-2170 -565 0
824 2338 0
-4864 -3742 0
-1890 -2585 0
314 1874 0
-4310 1414 0
-4349 -2614 0
2264 689 0
3412 -2796 0
304 643 0
3323 3271 0
-3405 4060 0
490 -1313 0
-4056 3964 0
3175 -764 0
-575 -3749 0
540 -3766 0
-100 -1024 0
-3365 3758 0
2999 -2273 0
2709 -4040 0
3963 -1149 0
3483 473 0
4250 398 0
-3231 3102 0
-2094 -271 0
-3474 -92 0
4085 1253 0
4084 206 0
2553 -4776 0
3011 -368 0
1821 3683 0
2719 3563 0
-3350 -1543 0
-4815 4357 0
503 -303 0
2501 1201 0
2973 -4730 0
-3119 -1731 0
-4393 4724 0
3714 2565 0
-4110 -4508 0
2948 -556 0
-3888 -164 0
2506 2700 0
-671 -4415 0
-2031 -4129 0
-2588 -2620 0
-4573 3422 0
1557 2603 0
-171 1086 0
1153 4635 0
-3588 469 0
-354 -4505 0
4785 -2365 0
-2581 4663 0
-4943 3339 0
4974 -2267 0
-4050 1677 0
-3258 830 0
1163 -1457 0
-4921 305 0
3327 -2637 0
4185 4149 0
4754 -1030 0
4086 929 0
-3026 897 0
1656 3639 0
-4474 3051 0
-2936 -3426 0
4717 4300 0
-4359 2034 0
1032 -3024 0
-3572 3980 0
-1068 2591 0
942 463 0
-3846 153 0
4620 -4237 0
3013 4473 0
2754 -3038 0
-2587 -2478 0
-1964 -2957 0
2611 3534 0
4176 1171 0
-1744 -363 0
-903 3249 0
-3829 1331 0
-2915 -3864 0
1566 3786 0
-1749 -2507 0
-107 3173 0
-2454 -1365 0
837 -4844 0
-2007 -493 0
10 -1886 0
4092 4259 0
-2024 -2455 0
-3782 -1923 0
-3860 -770 0
-2152 -1783 0
-3125 -4059 0
435 -3943 0
4558 -2525 0
-991 2629 0
2713 3626 0
1088 -231 0
1338 -1928 0
4729 263 0
-1865 -914 0
3332 -1108 0
-2266 -3724 0
1330 -4112 0
-4389 -4477 0
-3052 798 0
-123 663 0
-606 -151 0
622 1769 0
-1465 -2890 0
-1061 3873 0
2828 4374 0
-3653 -4515 0
4040 -1748 0
230 4255 0
1174 -3932 0
-2304 4164 0
-825 -1716 0
202 -2678 0
3212 1550 0
986 1385 0
4972 -3433 0
4941 3908 0
-764 3364 0
3785 -2793 0
-786 1288 0
-3453 1669 0
350 -3294 0
3160 -2019 0
3187 -4449 0
-2318 612 0
1645 -1574 0
1814 -819 0
1380 2909 0
-4242 -2577 0
3095 10 0
-3141 3280 0
3040 3363 0
-4088 4641 0
-3617 -3819 0
-1674 -3645 0
4257 -1809 0
434 3089 0
-1431 -1007 0
-3681 1796 0
3814 4782 0
-4502 -3588 0
-4836 -1860 0
3597 -1640 0
-4208 4310 0
-2201 -2641 0
2846 -2588 0
-3061 -3989 0
1054 1977 0
1181 -4160 0
2607 -840 0
-896 -1228 0
3431 -913 0
4027 1612 0
1163 2473 0
87 868 0
3519 -3880 0
-1207 -4346 0
286 -3843 0
1850 -4870 0
1676 3298 0
2608 2215 0
-473 431 0
-4870 -15 0
-4524 -1414 0
2202 -3810 0
-848 2953 0
563 -2021 0
2668 4593 0
2937 1042 0
3154 -1079 0
2585 -3723 0
-510 2325 0
-765 -4317 0
2603 1693 0
-3945 4516 0
2210 -1571 0
-1797 3605 0
-3140 2786 0
1962 -3176 0
-4138 -2884 0
-309 -1757 0
-804 1781 0
3353 -4204 0
1305 4858 0
-458 296 0
253 -2222 0
1215 2746 0
4533 -1476 0
-592 -2730 0
3998 -4850 0
-23 1086 0
-199 4194 0
-4988 -3342 0
-1442 2841 0
4082 -50 0
4733 1395 0
-2842 3688 0
1480 4586 0
4346 2494 0
1284 -2114 0
-120 -3605 0
-1263 1133 0
-997 1934 0
-2666 628 0
2656 1980 0
-159 2374 0
1129 3497 0
1799 -239 0
553 73 0
1191 2663 0
4884 -1173 0
-4749 3044 0
-313 2753 0
3604 815 0
-3219 -3831 0
-2244 -3000 0
551 -105 0
-2661 -2097 0
1292 876 0
-4089 -1574 0
1002 1299 0
2159 -644 0
-4278 1577 0
438 366 0
-2676 3784 0
2003 -1245 0
-614 3301 0
1593 -4479 0
-1511 -3427 0
-999 1201 0
1671 4088 0
-2695 3988 0
3474 378 0
3927 -419 0
48 -2885 0
1051 -2572 0
-3282 -1061 0
-1124 -4780 0
1911 756 0
3744 -3430 0
-1053 850 0
-3905 -4330 0
1060 -140 0
-3104 742 0
3781 -162 0
4712 1938 0
-3880 -662 0
2368 2422 0
2811 -4233 0
-3638 1165 0
2292 2648 0
1702 2093 0
-787 1135 0
3990 -4750 0
-4801 3090 0
-2026 971 0
-1738 3108 0
-426 2392 0
-468 1731 0
-4828 2242 0
-1930 -3100 0
-4083 4175 0
806 3379 0
4125 750 0
1118 -425 0
-4795 2680 0
-1945 1312 0
3638 -1156 0
2577 3463 0
2732 -1199 0
-3862 -847 0
622 -4188 0
1181 1883 0
-3803 3887 0
1769 -2295 0
1174 1769 0
4003 -2155 0
-3137 -4792 0
-423 2017 0
3630 -337 0
1707 -4737 0
4575 -2432 0
112 2492 0
2507 2035 0
-3107 -78 0
-1213 -1959 0
-4953 -1067 0
-239 -4163 0
2001 -4890 0
-3329 3041 0
-3672 -4198 0
4196 -4914 0
-4493 258 0
4986 -2051 0
-2546 4702 0
2363 -3272 0
-2020 -862 0
-3336 -1609 0
760 -180 0
3085 739 0
2436 884 0
-1748 -2666 0
1784 127 0
-2179 -3360 0
-632 -111 0
-2944 -287 0
-2875 -1988 0
450 2893 0
-1912 -4734 0
-4209 1738 0
4057 -485 0
-3450 -4451 0
587 738 0
-2479 -1641 0
3549 -2407 0
-3947 451 0
-2270 3336 0
-1123 1472 0
2661 -1896 0
470 -2389 0
3052 4715 0
-1203 3130 0
1583 4841 0
3105 245 0
-4950 422 0
4072 2125 0
-2871 -108 0
-804 -2951 0
426 4352 0
-217 -1776 0
663 -2637 0
2998 -1004 0
-2283 3652 0
4606 -315 0
-3645 1902 0
-3472 -1632 0
-3861 3191 0
607 891 0
126 -3586 0
4394 2258 0
1997 -3219 0
-1571 -1700 0
2493 4899 0
-3164 -566 0
3089 -3641 0
-652 -3901 0
-3690 3895 0
3190 -3591 0
4496 -1254 0
3000 -639 0
1655 637 0
-2704 -406 0
-604 3525 0
-3629 3346 0
3348 4620 0
380 182 0
3927 -4134 0
810 -2124 0
-4029 -1521 0
756 270 0
-3880 -415 0
-904 -666 0
-1378 -844 0
-3205 3953 0
-320 2343 0
2848 2583 0
12 -2516 0
-335 -47 0
-3918 -4728 0
3821 3872 0
-1985 -1049 0
1847 -2098 0
687 -3752 0
3807 -2849 0
-188 -4228 0
-342 1222 0
-3952 1542 0
-530 -4541 0
-4487 -4104 0
2833 1920 0
2189 -1720 0
-337 2899 0
3412 -1514 0
-1014 -2139 0
1987 -183 0
396 2809 0
-4681 -2343 0
-4470 -3701 0
-3991 -2832 0
-3802 -1721 0
3406 164 0
2241 2698 0
-4044 4536 0
4125 3430 0
3808 4045 0
2671 -3062 0
105 3797 0
4847 -818 0
-4306 -500 0
863 -3750 0
-4412 -189 0
-305 874 0
-4721 4403 0
2665 -488 0
1162 -4042 0
2739 1549 0
-1422 491 0
-4086 -847 0
3149 3859 0
-3459 -1296 0
-129 3941 0
4005 -2585 0
-2814 -1248 0
-3241 -3680 0
472 -428 0
-3009 1003 0
-785 4731 0
1277 -4890 0
-4870 386 0
-1856 1419 0
3995 -4352 0
-1140 -2562 0
-1724 -2809 0
1412 -3633 0
-3626 -776 0
4242 -4782 0
3962 4833 0
4048 -4802 0
-2167 -2129 0
4291 4763 0
541 -4896 0
-2850 1073 0
-1706 -729 0
4495 -346 0
-3285 -4391 0
-3819 3321 0
-1036 4848 0
-207 2361 0
-3587 -3875 0
-2288 -4453 0
-1577 -3491 0
-138 -938 0
4634 907 0
-310 1640 0
501 -1300 0
-941 3883 0
4130 1682 0
-4197 1418 0
-1508 2923 0
2053 2273 0
1293 -967 0
4363 3717 0
3524 -2405 0
-4985 -245 0
761 2670 0
3795 -2112 0
-404 584 0
-3256 -1490 0
52 2721 0
1012 1797 0
-2656 4279 0
3914 4544 0
3433 1280 0
719 4542 0
963 3519 0
-1621 3135 0
-363 -3041 0
-3128 -1797 0
4154 -1691 0
-2411 -1978 0
3071 -2758 0
-1704 -4656 0
2077 -2125 0
3293 2281 0
-40 2769 0
767 -3511 0
4480 -3748 0
1774 -97 0
-3917 3061 0
-575 -4887 0
484 1496 0
4412 3212 0
652 -3261 0
-2867 4345 0
-4808 1630 0
4016 -359 0
1308 -1585 0
4076 -2377 0
730 55 0
4508 3031 0
-4672 2558 0
-500 -4905 0
-1952 -2641 0
-2754 -2474 0
-1157 -3541 0
-3543 -1871 0
-3765 -3311 0
1817 1238 0
3843 1494 0
-3084 -3587 0
2008 -2556 0
-1249 -944 0
-2227 -4869 0
2657 819 0
1326 -2253 0
1402 3898 0
3461 406 0
-180 1593 0
2509 1373 0
-1328 -3983 0
201 -2316 0
-4919 -3603 0
4094 4666 0
-661 -3866 0
3044 4633 0
-2845 -277 0
-1536 -4142 0
-4803 -904 0
4473 -401 0
-1089 2122 0
-1035 2808 0
2971 301 0
-418 -4233 0
3589 -308 0
-4847 1415 0
3932 -1910 0
470 3970 0
-2664 299 0
4475 1072 0
1551 -463 0
3691 -1454 0
-196 3139 0
-3302 -1340 0
2404 -2201 0
-1928 1638 0
4729 -603 0
-4073 -3307 0
-2421 -4018 0
1030 3050 0
-565 2364 0
2132 2557 0
704 -1491 0
-4284 -3244 0
-2466 -4129 0
-4324 2214 0
3557 511 0
1438 -3859 0
-2416 -2174 0
735 -3393 0
1675 -192 0
-2049 -3282 0
3789 -4009 0
-3233 -2086 0
-3038 3712 0
4675 4254 0
1965 -4343 0
741 -2492 0
4145 2190 0
-2240 2488 0
467 -404 0
-1261 -3854 0
3043 -1068 0
-414 -2136 0
2100 -729 0
-2494 1036 0
-3791 1149 0
-39 1912 0
-4617 1675 0
1955 906 0
118 2752 0
-2100 2915 0
2571 -1354 0
-3985 4362 0
-4551 -2496 0
1416 2241 0
-1673 3159 0
-2219 1292 0
-3725 3780 0
1687 3885 0
-1828 -905 0
-1241 20 0
3838 -647 0
-2789 4731 0
4211 46 0
-207 2264 0
-655 -3917 0
2159 -634 0
1348 1660 0
-3515 -1140 0
111 -4950 0
-1795 3790 0
1699 -2019 0
-2800 2684 0
365 -3266 0
-2197 3051 0
4178 -3368 0
1342 3197 0
3556 -3467 0
4637 3998 0
427 3023 0
4603 -652 0
-2757 -635 0
1251 -485 0
3546 -2339 0
-1936 4660 0
2697 3194 0
3616 4439 0
2600 -4838 0
-1060 4092 0
-332 4679 0
-3267 -2911 0
-4849 -4692 0
4110 1480 0
-3567 4890 0
-2489 4725 0
-350 2591 0
992 -2421 0
-4480 -1756 0
2054 1539 0
3228 -1426 0
831 -2730 0
-2790 533 0
-4174 -2963 0
-1500 -3673 0
4878 2038 0
1101 -1671 0
2530 -3867 0
4239 3579 0
303 -1662 0
-3227 521 0
-4537 2180 0
3008 -3628 0
-2242 4258 0
-4582 -2888 0
-2700 3382 0
4923 -2894 0
-1719 -4971 0
-2126 -3883 0
1622 -4029 0
4597 -2811 0
-4169 -680 0
-2652 -1384 0
242 4673 0
209 4804 0
-3583 4436 0
-4926 2579 0
790 1553 0
2732 3575 0
1460 -3703 0
-1343 -3136 0
-3287 1752 0
-1477 747 0
1871 1229 0
1869 -3750 0
-4626 2654 0
-1973 1144 0
-354 442 0
2953 2312 0
4137 3357 0
4783 -1014 0
577 3629 0
4490 -4981 0
662 491 0
478 599 0
-2114 -2637 0
2882 -606 0
-1509 525 0
149 3171 0
-3858 -4095 0
-1733 -3015 0
2275 1693 0
1582 -2858 0
-2438 -3545 0
3008 -1104 0
1354 -1664 0
4363 3119 0
2229 2213 0
-1469 -1772 0
4293 612 0
3876 -801 0
-3928 -4499 0
-1010 413 0
-279 3205 0
4442 -1643 0
2687 -986 0
1758 -4568 0
-2005 -4949 0
-2083 3996 0
1524 1658 0
3639 792 0
1229 4665 0
-4908 2238 0
2947 -4676 0
-3943 1411 0
3415 4833 0
148 -1057 0
1325 -639 0
3119 3574 0
-3392 -810 0
-4429 -345 0
4674 -4304 0
-3615 -1172 0
2043 3227 0
-1015 1907 0
-2212 566 0
-4526 -1143 0
-4533 2821 0
4586 2643 0
-252 -1344 0
-577 241 0
-4211 -613 0
-2313 811 0
-552 -4057 0
-3933 4696 0
-4585 -3771 0
654 3880 0
-3168 2760 0
16 68 0
-2485 -3614 0
4607 4213 0
956 -1128 0
2912 -2318 0
-1764 -996 0
1855 -4777 0
-3247 3808 0
4034 4987 0
-418 1503 0
1766 1024 0
-2101 -4519 0
4166 1028 0
4634 2373 0
-1948 2053 0
-3140 1286 0
1098 -2564 0
-1790 2281 0
-69 2017 0
-4731 -4665 0
-1055 -3119 0
2711 2890 0
2532 2043 0
1444 -1498 0
-1273 1733 0
4052 -4320 0
-473 2506 0
-256 -4305 0
-2080 -3369 0
107 1806 0
-1056 1508 0
2513 2169 0
-1163 -1979 0
-1963 2282 0
4827 -3104 0
-4655 -223 0
-3351 4775 0
-1957 4427 0
4229 -1579 0
4838 3398 0
-1111 3551 0
3973 -4241 0
-1889 4659 0
-1142 4520 0
667 4474 0
-2994 3706 0
1863 -1477 0
2492 3893 0
1322 -2794 0
3251 2975 0
3076 4826 0
-1148 3503 0
-1803 -3515 0
4225 1878 0
-780 3432 0
-2882 -3054 0
3298 -3430 0
817 2076 0
-2321 -385 0
162 -2342 0
-2671 3146 0
-2677 4725 0
3517 2368 0
-72 4615 0
1118 3606 0
2775 2821 0
-2532 -2891 0
4969 -213 0
3056 -445 0
3745 579 0
3533 4991 0
-3191 -4232 0
4439 -3028 0
4002 -4486 0
-1271 3670 0
1085 3469 0
1105 2645 0
-103 -3319 0
3227 -3432 0
-2430 -839 0
4611 953 0
-897 -2905 0
-3014 4331 0
-2012 -1985 0
2626 -3307 0
2239 -222 0
-4966 -2771 0
194 -2249 0
-1134 3751 0
-2332 56 0
1842 -1317 0
2459 335 0
-3429 -234 0
1326 144 0
4760 4122 0
-1738 -1086 0
2108 -3857 0
50 -583 0
-3669 4148 0
4557 2386 0
-653 -3862 0
-2050 4089 0
-2400 -15 0
4202 2390 0
-2418 -1545 0
966 567 0
2191 799 0
4969 -538 0
4903 -559 0
-1195 3221 0
-4086 -404 0
-2721 -4598 0
1748 528 0
2642 -1063 0
1578 -4317 0
-4197 -3366 0
2394 -609 0
30 2455 0
-4221 1801 0
581 -4489 0
2584 149 0
4758 -329 0
2559 3773 0
4906 -2629 0
-3958 -701 0
602 3030 0
454 4698 0
-3451 -3692 0
-3475 353 0
4097 518 0
75 340 0
2509 102 0
-1159 -767 0
-3111 3518 0
1509 3509 0
3668 -916 0
-2684 1516 0
-4013 -4072 0
2941 4769 0
1963 4339 0
-2125 3694 0
-926 -1556 0
2320 -2762 0
1275 1994 0
-191 2068 0
-3595 632 0
-1674 -4505 0
-3326 -2007 0
4606 -254 0
2824 4682 0
-2216 -3598 0
-519 -3377 0
-1434 1066 0
3831 1574 0
1572 -49 0
-3303 -2673 0
-1386 1768 0
2900 -4819 0
596 4305 0
-3887 -1201 0
102 170 0
2778 3884 0
-86 -1718 0
1309 -3637 0
-2632 -2350 0
2975 -3961 0
-2731 -1492 0
3639 -3301 0
1961 1562 0
-3656 1703 0
-987 1133 0
-361 -457 0
-2874 3336 0
601 -1846 0
-3520 -4517 0
614 -1643 0
192 1678 0
-2754 -1883 0
-2228 -3856 0
-2919 -4241 0
2943 -4818 0
401 -1292 0
-3289 -2281 0
-216 850 0
-1878 476 0
3862 1163 0
1136 2297 0
-434 782 0
-2748 4491 0
4832 2508 0
871 -2205 0
-4252 -1375 0
2510 -3478 0
2067 4163 0
2767 -2691 0
3998 -4463 0
2521 2974 0
974 4487 0
-2105 -3316 0
-166 3386 0
-1845 -2953 0
-627 -1103 0
-3303 -1668 0
3941 4584 0
2221 -2745 0
1041 -457 0
614 -1651 0
639 -2542 0
75 683 0
-590 3310 0
-1743 -1090 0
3561 -1459 0
1173 1576 0
-4851 336 0
-226 3698 0
-3402 -3937 0
41 -2989 0
2872 1131 0
-2799 1715 0
2672 -2505 0
-4846 -4219 0
2225 -1040 0
689 -3121 0
-4817 -3484 0
4318 -2028 0
-46 -579 0
1005 -846 0
-2595 1307 0
-3666 -105 0
-394 103 0
-2725 807 0
3843 593 0
-922 3285 0
1373 3312 0
-2709 2393 0
3029 3934 0
4836 415 0
-3087 2621 0
-2045 -653 0
-3900 -676 0
-474 3000 0
-4514 4289 0
-2320 -4568 0
1735 3966 0
-2511 -4281 0
-4955 -1448 0
-2930 884 0
286 -4764 0
-3261 -514 0
1335 -4153 0