p cnf 2000 2000
676 -226 0
-1231 -470 0
152 -1292 0
78 756 0
-586 750 0
1818 140 0
-190 -1706 0
1280 -213 0
900 -612 0
-713 -1895 0
-936 1682 0
-1555 -273 0
256 -1029 0
1864 202 0
817 -786 0
-1399 1365 0
-1185 793 0
-1920 -1555 0
1261 1919 0
-1104 56 0
-991 2 0
-1780 799 0
-1280 -1235 0
984 -1677 0
-1675 -545 0
-1796 1561 0
140 1672 0
1430 1945 0
-1093 1828 0
-359 -1127 0
-1272 1287 0
392 380 0
-1913 -895 0
484 1235 0
376 -438 0
-1936 1617 0
-807 -1962 0
652 -798 0
-1588 -665 0
789 -1793 0
-899 1364 0
1720 -767 0
-845 83 0
-98 365 0
-1219 -1226 0
261 1952 0
-1011 67 0
-346 -1052 0
-1482 1525 0
-1694 -926 0
813 -1100 0
-1157 -131 0
-1408 264 0
650 -1495 0
573 -1991 0
-643 549 0
-873 557 0
1734 -1029 0
308 -959 0
813 -1238 0
-296 -1155 0
-1454 1957 0
997 -1669 0
1544 -1606 0
1144 -738 0
1381 -594 0
-1362 442 0
570 -1372 0
381 -1321 0
-668 1242 0
-1427 -151 0
-42 1917 0
-468 1591 0
1699 -211 0
990 -216 0
83 -1276 0
301 -1948 0
-327 -338 0
-283 313 0
1627 1631 0
113 742 0
267 1692 0
-873 -1349 0
1810 1842 0
-992 1688 0
1208 -597 0
-395 -474 0
1235 -598 0
-46 -1102 0
1303 -1371 0
1098 -1728 0
-530 1240 0
1497 1475 0
-846 1498 0
76 478 0
1580 -1635 0
-237 -1836 0
1231 -1562 0
683 1527 0
-1891 -981 0
-1926 -1953 0
165 -791 0
-596 -511 0
-962 300 0
-1653 -1268 0
345 1031 0
994 1772 0
-511 25 0
348 -1788 0
-1604 -1298 0
1927 -710 0
50 1801 0
213 -990 0
-1910 1256 0
-932 -983 0
-734 -1642 0
-1245 -535 0
-504 -1456 0
-438 853 0
-167 1247 0
-859 525 0
357 -345 0
1223 775 0
869 1771 0
943 135 0
-917 -894 0
913 406 0
-1471 175 0
623 -1634 0
1612 -1850 0
-280 -1457 0
-1098 -1659 0
1584 865 0
1367 -77 0
-1884 -1235 0
-1215 190 0
-768 -219 0
-922 -197 0
1054 -1061 0
1160 -1537 0
239 -635 0
1608 539 0
-1206 -1981 0
101 -1900 0
-1127 567 0
1378 1511 0
-232 -663 0
1405 -184 0
-1621 -1818 0
-1361 1961 0
1914 -1527 0
1788 1860 0
-1584 820 0
-497 -1972 0
1905 922 0
1089 -76 0
-629 -939 0
662 -1259 0
777 1521 0
1219 -1153 0
1554 1560 0
-474 919 0
1613 -1306 0
-606 -365 0
393 666 0
1156 631 0
965 324 0
-35 -842 0
-1157 1060 0
-1607 1508 0
-1222 1161 0
164 -330 0
1787 299 0
-19 89 0
653 1599 0
99 -1660 0
1261 -1317 0
853 -126 0
-482 738 0
1675 1215 0
-1081 -178 0
-1079 -1452 0
-151 -1221 0
-1735 -1117 0
-1073 -500 0
1459 254 0
1745 -251 0
-856 -1025 0
-829 -1876 0
573 1872 0
1099 -1275 0
-1313 -1961 0
1586 437 0
-1903 1765 0
-436 1294 0
-1881 -1763 0
-1535 -1532 0
-1198 1016 0
1369 -1605 0
618 1954 0
-261 1672 0
1534 296 0
1103 235 0
657 400 0
-1672 -330 0
-943 1832 0
-857 1581 0
-1417 1030 0
1188 1726 0
633 1160 0
932 1625 0
984 1551 0
1933 -607 0
-305 -1147 0
998 -1902 0
410 1502 0
264 -503 0
-1371 -737 0
-1185 1305 0
607 1245 0
1902 -653 0
-1746 124 0
1955 -61 0
-368 7 0
55 -1041 0
441 -643 0
1571 272 0
1496 -1027 0
1388 -1436 0
-143 -17 0
-1579 1962 0
1030 -1305 0
-254 1876 0
1311 -1071 0
132 -1114 0
1095 -1643 0
96 -1727 0
-573 -609 0
1789 -1525 0
1326 703 0
666 -18 0
-953 1079 0
-1314 671 0
1610 516 0
1710 -1827 0
508 318 0
249 -1458 0
1435 1925 0
651 -1904 0
-341 -689 0
-669 -934 0
-1744 -287 0
528 -760 0
-1402 1535 0
654 -1348 0
105 1731 0
-1564 1654 0
-1021 893 0
1080 -1040 0
832 -1744 0
1320 -1117 0
-304 239 0
-846 1847 0
-1648 -1203 0
-32 -817 0
-1409 139 0
626 -357 0
-203 1560 0
796 -1001 0
-324 -1285 0
-1003 309 0
-495 638 0
-1102 -1117 0
-1772 -1006 0
-396 -669 0
-83 1777 0
1335 1455 0
207 -707 0
-1911 -729 0
-335 123 0
-1740 1434 0
1202 828 0
372 1273 0
-1835 37 0
1896 371 0
824 73 0
2 -1439 0
-1275 -1630 0
1495 -1379 0
-741 33 0
114 786 0
-619 103 0
-1403 -1265 0
-1521 1057 0
-1471 748 0
-1494 -1274 0
636 -556 0
-355 -1384 0
131 632 0
-203 -118 0
148 1944 0
-1690 -818 0
-756 -1644 0
527 -1078 0
1161 -1859 0
1032 -1083 0
1149 1599 0
1441 1924 0
-1639 128 0
133 110 0
-1566 685 0
88 -641 0
-883 -63 0
-1076 864 0
-1558 1859 0
-1020 850 0
-654 856 0
1697 1404 0
-1494 854 0
371 -400 0
-1104 -1309 0
-1667 1243 0
229 -332 0
424 -1078 0
1677 -584 0
1292 710 0
289 571 0
-110 -912 0
605 -1217 0
-1055 1640 0
-1247 -872 0
-232 1758 0
-1315 -609 0
-1363 1807 0
383 -1003 0
-733 -1233 0
-1033 1575 0
-1548 122 0
-456 -1224 0
-991 1779 0
-319 -42 0
-500 -1169 0
-1302 -1310 0
-442 -725 0
-884 126 0
1119 1777 0
-576 -1761 0
907 1224 0
1179 473 0
1379 -258 0
1101 -1819 0
-1696 748 0
-128 1874 0
1688 -1988 0
-761 -1213 0
1977 -474 0
-1244 453 0
-403 -330 0
-1719 -595 0
-1127 -730 0
-989 421 0
-1850 477 0
1704 1598 0
-566 458 0
1381 -1420 0
-581 -1580 0
-298 1022 0
-860 1076 0
-1446 1122 0
239 -1317 0
1738 19 0
-855 20 0
-280 -1899 0
394 -1303 0
-1320 1801 0
-460 1915 0
319 -1956 0
-164 1258 0
1650 323 0
-982 -795 0
-278 1632 0
1011 205 0
86 1097 0
-1830 1359 0
-1418 63 0
1055 -987 0
341 1788 0
-1566 1159 0
1187 1340 0
101 -795 0
266 481 0
1330 314 0
166 579 0
1234 368 0
-246 -1320 0
3 -208 0
-951 -445 0
-1307 -163 0
-903 -1620 0
251 -1361 0
-503 -176 0
-1254 -867 0
-1399 15 0
30 1426 0
489 -1968 0
-1362 1356 0
42 -1500 0
-1569 130 0
807 1906 0
166 -1501 0
-253 953 0
874 -1406 0
1651 1728 0
805 -622 0
-518 -1336 0
906 41 0
720 1080 0
1440 -1034 0
1357 -589 0
1998 1470 0
-963 1576 0
1001 -507 0
976 -1378 0
-7 206 0
-813 197 0
1782 -618 0
-71 343 0
1209 1744 0
-744 -45 0
-142 -1215 0
-1087 886 0
-1670 1135 0
-629 131 0
-619 -1311 0
-1640 -233 0
-1113 -456 0
-1921 133 0
-1531 -1150 0
-1984 -24 0
953 252 0
-1138 -894 0
-914 -657 0
127 -1128 0
-1358 -1118 0
-1902 882 0
-66 1284 0
-793 1862 0
1059 -1799 0
-1301 1455 0
182 -562 0
-334 1647 0
396 -733 0
103 -830 0
1020 -706 0
-1554 -1107 0
-1521 348 0
88 -937 0
-831 677 0
1276 617 0
1867 -1176 0
440 954 0
1269 1363 0
-1245 -626 0
-1976 1890 0
1767 -1422 0
136 1913 0
1504 -735 0
-359 1111 0
-1837 1166 0
-293 -393 0
626 -1905 0
-1551 -1541 0
1820 1339 0
1917 513 0
-526 1072 0
-1705 8 0
83 -1613 0
1043 -429 0
1042 1422 0
-5 1970 0
1032 387 0
1717 1793 0
1329 1300 0
-1750 1580 0
-1992 560 0
14 -1348 0
-1779 -1988 0
965 133 0
-1426 -1975 0
-1612 1897 0
317 1928 0
894 -473 0
904 1389 0
-161 -1134 0
-943 725 0
946 2000 0
-1817 -581 0
-616 -518 0
434 526 0
254 433 0
1251 1587 0
-1577 643 0
1343 -813 0
1855 1073 0
-366 121 0
1909 1596 0
1948 313 0
2000 -1032 0
-1931 -896 0
-1135 -1501 0
-237 -1683 0
1192 258 0
-1335 -1441 0
1373 1521 0
-1373 550 0
-1433 -481 0
1638 -1132 0
796 -1577 0
63 -1497 0
-1763 1996 0
1266 -175 0
293 1173 0
1614 840 0
1554 -933 0
1409 101 0
-442 -1584 0
1848 -1075 0
-748 261 0
-1967 -55 0
-222 -1254 0
1748 -1980 0
-839 1416 0
457 1159 0
-812 -1592 0
-1405 -1016 0
-1943 -1932 0
-1865 -308 0
731 1514 0
-1238 1921 0
23 -461 0
-128 1066 0
96 -1615 0
-551 -430 0
-128 1842 0
-627 -1625 0
550 37 0
1995 278 0
-701 -1939 0
748 46 0
-54 -711 0
934 1502 0
-113 -1226 0
314 -1588 0
-408 -1107 0
-1184 314 0
164 -1147 0
1193 1310 0
-857 -1305 0
1780 -466 0
-1098 764 0
-1296 -927 0
-1375 1119 0
1964 -140 0
1827 180 0
1931 -651 0
-1337 -496 0
121 612 0
1200 761 0
673 1601 0
-1360 -170 0
1266 -1522 0
-1627 1956 0
-987 -496 0
1858 939 0
857 -1888 0
-1872 1998 0
1120 1361 0
1527 -1670 0
-850 1603 0
-427 -1821 0
1909 427 0
1724 1140 0
1448 1159 0
-63 1746 0
-1071 1802 0
319 1105 0
-505 -1049 0
-295 -1283 0
1550 590 0
107 -554 0
22 1622 0
-510 -1467 0
1724 -109 0
-959 1135 0
837 1395 0
-946 1675 0
308 710 0
-14 -993 0
-1628 1012 0
-814 1120 0
-748 1763 0
-1162 525 0
339 164 0
-1075 37 0
502 1708 0
260 -1883 0
-111 -578 0
-45 1655 0
-356 1658 0
784 844 0
-1592 1480 0
1398 1891 0
596 -1415 0
1255 195 0
-315 -707 0
-1551 -1253 0
-66 -383 0
882 1899 0
-1756 487 0
-395 1886 0
-1165 -1643 0
-1562 1305 0
238 1244 0
-195 588 0
-327 -1812 0
-1795 -794 0
-1401 -1657 0
1581 788 0
-716 -520 0
1664 434 0
1477 1394 0
-683 -1612 0
1614 968 0
254 568 0
1149 633 0
-251 -1601 0
-392 -1152 0
558 982 0
-192 1900 0
-1233 -789 0
800 -79 0
-892 291 0
-937 1461 0
-127 1308 0
216 -1299 0
1463 339 0
-1946 -432 0
618 -1567 0
-671 1703 0
-146 -820 0
28 433 0
-1016 -1634 0
52 693 0
1963 -1760 0
-1646 1277 0
-853 807 0
-893 -1081 0
639 29 0
-578 -821 0
-241 -1819 0
906 1772 0
-1763 -1251 0
-1528 679 0
783 1058 0
1478 1131 0
-287 102 0
439 100 0
741 -620 0
500 1947 0
-1617 1593 0
-1563 1021 0
1903 -414 0
1203 828 0
-1970 -78 0
1225 417 0
-931 601 0
-934 -1632 0
-548 -646 0
442 -287 0
-787 1623 0
-1201 1178 0
1857 1179 0
-1820 1668 0
-817 -971 0
272 -1791 0
-316 1058 0
1512 -1796 0
547 -354 0
1662 1350 0
17 -106 0
401 1732 0
719 1345 0
223 329 0
-451 809 0
1371 -411 0
1295 -993 0
-1564 283 0
1221 -1293 0
-1895 1689 0
1876 1135 0
-1057 78 0
-586 -1964 0
88 222 0
972 -1520 0
1793 -870 0
496 -1354 0
155 -994 0
-770 -854 0
417 -1109 0
-1637 -481 0
1519 731 0
58 488 0
-373 -1947 0
1240 -1747 0
1271 -65 0
-1808 -453 0
1545 1347 0
792 447 0
1270 -958 0
-1208 -1000 0
1295 146 0
-1703 -765 0
1210 1405 0
1127 -1536 0
-632 -489 0
1542 1753 0
947 155 0
1561 -643 0
84 1080 0
-477 240 0
-114 -851 0
120 615 0
-1548 -1564 0
-1287 -64 0
644 -1401 0
-1997 656 0
-1394 -1585 0
1086 469 0
1099 1383 0
1054 -519 0
159 -1327 0
322 -77 0
528 -58 0
1703 -1107 0
-1631 -562 0
-1639 1086 0
500 -1973 0
-1317 1129 0
1146 -1082 0
-1601 913 0
-849 -673 0
1563 -431 0
-551 572 0
-32 -405 0
1302 101 0
-518 -1578 0
94 -1245 0
265 -1674 0
1589 1809 0
782 -946 0
1387 44 0
-1774 1542 0
1533 1523 0
-1312 1540 0
930 347 0
164 -566 0
-874 1856 0
184 -1366 0
-1953 521 0
-1117 -1250 0
-877 -1728 0
541 1804 0
676 -1893 0
1629 -477 0
910 1533 0
1791 -502 0
247 -1645 0
161 957 0
1821 -980 0
1666 684 0
-1915 911 0
-362 719 0
-657 -854 0
1718 -1171 0
-1986 1907 0
1637 1586 0
1770 -650 0
-411 1207 0
-346 348 0
-136 1813 0
585 -37 0
1352 868 0
51 -397 0
206 1720 0
-981 -1334 0
-727 1119 0
1678 657 0
-1911 -1768 0
251 -724 0
823 -840 0
1964 1099 0
-302 1029 0
-607 -1420 0
1593 -158 0
-924 -1133 0
1577 -1641 0
-1741 1932 0
242 1710 0
723 1925 0
1076 -659 0
-362 -1881 0
1532 -1785 0
-734 -1688 0
998 833 0
388 -254 0
1011 -921 0
-350 1567 0
1423 468 0
-930 -1919 0
-1061 56 0
-731 857 0
1802 24 0
703 1143 0
-200 -1999 0
56 -1537 0
163 -208 0
-738 1531 0
-1659 -1184 0
-209 1146 0
66 1724 0
1223 -1923 0
-692 -91 0
263 -685 0
-1625 -1028 0
-285 -275 0
-1279 1620 0
-219 -1961 0
355 412 0
-317 725 0
-1599 -343 0
-1591 -594 0
906 1232 0
-235 1982 0
259 666 0
-117 -1004 0
-237 1921 0
1006 -1788 0
-33 -1390 0
-763 859 0
1363 -124 0
-1516 -485 0
-1008 -1305 0
869 1779 0
456 -1766 0
-1377 -1143 0
-1777 1573 0
1425 340 0
84 -19 0
-1370 -1877 0
-547 499 0
91 -1601 0
-1111 -27 0
-1598 -1715 0
962 271 0
-344 -1237 0
569 1629 0
65 -1272 0
1103 -807 0
-497 1319 0
-1398 1484 0
1207 -1854 0
1007 610 0
1273 -1417 0
-774 1444 0
-1445 -553 0
1321 1144 0
-555 1921 0
513 1884 0
-1664 -943 0
-1492 1474 0
625 -1066 0
209 -1629 0
304 1839 0
-900 836 0
-858 -1062 0
-723 -1129 0
1275 1910 0
1215 -692 0
560 -243 0
472 -1471 0
-1476 791 0
566 951 0
144 1592 0
-915 -1123 0
-1578 214 0
-189 -1331 0
-845 -1614 0
-439 -1403 0
713 1360 0
-1724 -1534 0
1673 664 0
1831 728 0
-1861 -1965 0
-1628 1700 0
-1136 128 0
1715 1863 0
1438 -1119 0
-86 -844 0
647 1445 0
622 -158 0
-68 -1888 0
-663 1291 0
-155 -1751 0
1479 -1089 0
198 926 0
1796 115 0
281 -511 0
-467 930 0
-535 1300 0
-788 366 0
-1023 1313 0
-627 516 0
-921 -1412 0
-211 -1444 0
-162 1527 0
417 1033 0
1041 -1674 0
981 -475 0
-1386 969 0
-1765 381 0
1016 763 0
973 1165 0
1148 1510 0
1196 1494 0
1564 -857 0
-1549 -1350 0
-65 -1771 0
-1322 1118 0
-1662 -1679 0
1612 -36 0
1912 852 0
-951 -524 0
-1738 1935 0
1327 -1634 0
-1440 27 0
978 423 0
-1212 1208 0
-1549 -1229 0
-127 940 0
1340 -528 0
217 -1903 0
-605 -1413 0
46 1174 0
-710 -92 0
-816 659 0
1663 1918 0
1072 -814 0
1134 924 0
290 499 0
-287 30 0
1698 1916 0
-696 -1937 0
-309 -1774 0
-624 -282 0
1850 1775 0
-899 293 0
-1192 516 0
-1983 -1373 0
739 -623 0
1403 -563 0
111 -1306 0
-217 -632 0
1948 -1241 0
727 719 0
-1808 -641 0
546 1601 0
456 375 0
198 -729 0
1223 1216 0
290 908 0
1196 -1464 0
1876 -1513 0
-1856 1233 0
-994 257 0
838 888 0
1396 1457 0
-894 -1604 0
-477 1617 0
171 -1454 0
-447 919 0
760 1099 0
-1351 -178 0
-1411 -1683 0
-573 1948 0
1063 1166 0
-1659 -1445 0
358 -633 0
1421 54 0
-555 1260 0
1094 1730 0
458 1466 0
1026 1554 0
1072 1697 0
-1395 -763 0
140 1554 0
-498 -391 0
-618 1878 0
648 1779 0
1624 1368 0
972 -1427 0
-1117 -1061 0
-1064 -1428 0
1873 1148 0
-1482 978 0
528 1972 0
107 1618 0
963 -818 0
532 882 0
-1773 830 0
790 1463 0
487 -176 0
1384 1493 0
1482 828 0
-481 1246 0
12 -1763 0
1432 -1912 0
-27 79 0
1535 -768 0
1032 -184 0
-1859 -1264 0
386 -745 0
1875 397 0
-782 -1987 0
853 1836 0
-1770 -768 0
1927 1083 0
1348 351 0
-224 549 0
-1393 -1388 0
413 930 0
-110 -794 0
-528 168 0
-1706 -746 0
-191 513 0
55 1891 0
23 -1805 0
1308 -1977 0
222 -1913 0
1122 -573 0
-1924 327 0
-920 584 0
1253 577 0
1907 1761 0
-400 505 0
1365 -1522 0
-1813 688 0
110 143 0
1857 -107 0
196 1932 0
-1148 669 0
348 -1864 0
1506 -172 0
-140 -246 0
372 -54 0
202 156 0
1981 -1299 0
1810 -1435 0
156 -1536 0
70 1518 0
1451 754 0
1705 -746 0
-1053 1965 0
-1200 574 0
-680 1519 0
-1361 -1464 0
423 970 0
682 -1798 0
-92 1175 0
1000 70 0
1376 206 0
-1361 1551 0
70 142 0
93 -672 0
-48 1979 0
-1492 1928 0
63 954 0
-1839 1911 0
-817 -946 0
154 1684 0
-1764 -371 0
-325 470 0
-1434 849 0
1436 496 0
1496 -1099 0
1278 1763 0
-1712 1559 0
1085 237 0
-456 416 0
-1029 1623 0
-973 817 0
-67 1544 0
947 -1896 0
-9 501 0
-1719 -1000 0
805 -833 0
-299 894 0
-1350 -1557 0
634 -1533 0
-1175 -1208 0
1565 981 0
-1044 62 0
820 -697 0
537 1115 0
-1798 964 0
456 -1033 0
-390 63 0
1885 1223 0
1598 982 0
-1658 -207 0
935 -1256 0
-875 -1731 0
-456 525 0
-1608 -741 0
-1756 1350 0
1423 -1375 0
86 868 0
1098 1542 0
-679 1341 0
-1665 -1407 0
-1762 818 0
690 1928 0
-197 -1196 0
1373 1548 0
-1558 1270 0
-1 194 0
-1843 1723 0
711 -32 0
671 -503 0
-150 -372 0
-1282 1058 0
1901 -300 0
1861 -1246 0
354 623 0
-26 -1505 0
1820 -932 0
-1421 -1965 0
-1993 -1902 0
1902 531 0
1075 -688 0
56 -1475 0
-1766 -1748 0
818 -298 0
-1625 -558 0
1974 -1401 0
1354 688 0
-1223 -1871 0
1761 -1048 0
85 -764 0
522 -1496 0
757 470 0
1737 -1604 0
-649 52 0
-689 859 0
-1703 1842 0
-1779 -1522 0
-1321 -1733 0
-89 -1299 0
1429 1600 0
1743 -841 0
1119 -303 0
-1977 -570 0
1465 -1370 0
-1771 -675 0
-660 716 0
1848 780 0
798 -814 0
-41 -405 0
-695 951 0
-1735 -141 0
807 -45 0
1578 -106 0
-1691 1618 0
1830 -1338 0
1388 -1251 0
-1697 293 0
1994 1131 0
-1930 -485 0
1081 1867 0
599 624 0
-919 -601 0
-983 1780 0
1940 -1327 0
-684 -713 0
1193 917 0
911 -361 0
-35 1673 0
-309 -590 0
-1789 545 0
-1465 1646 0
-1601 1753 0
-883 -815 0
556 -1592 0
-1639 260 0
-1724 -1185 0
-1546 -284 0
-756 -18 0
1195 -84 0
1825 1185 0
1736 1581 0
1128 -1635 0
1526 -277 0
-1947 571 0
1369 -659 0
-1027 -1568 0
1298 -1232 0
1652 -584 0
1490 -1491 0
392 -971 0
813 1917 0
1239 -1260 0
1358 1955 0
-236 1833 0
9 1535 0
1150 -664 0
156 -1444 0
669 1263 0
-599 849 0
-931 -492 0
-1451 -100 0
-900 -546 0
1611 998 0
-884 -915 0
-1745 66 0
-1413 1760 0
30 -92 0
155 222 0
1617 83 0
375 -61 0
1945 -1523 0
-1854 -1062 0
-1646 -875 0
564 -342 0
-1387 -696 0
1142 1984 0
-1874 -514 0
1938 249 0
-122 -444 0
-690 622 0
-1303 1721 0
987 1070 0
1864 -162 0
521 1778 0
55 117 0
819 298 0
-265 -1170 0
-874 1556 0
608 496 0
821 454 0
106 -1542 0
-1819 1762 0
491 -180 0
997 1195 0
602 -1182 0
-1728 -1460 0
-1428 -542 0
-345 -700 0
448 129 0
-1922 1 0
-366 -1656 0
-1583 -1295 0
-1642 1677 0
-141 -513 0
596 -911 0
1446 1030 0
217 614 0
1949 -797 0
-245 -1196 0
282 -1308 0
83 162 0
-1092 336 0
-163 -854 0
-783 -976 0
-1432 895 0
494 -219 0
-335 507 0
-1799 1368 0
-1807 -1511 0
1312 -82 0
-51 -245 0
1318 1352 0
385 648 0
223 1200 0
1855 1017 0
-1984 -1770 0
-1327 853 0
-1542 534 0
-566 616 0
873 551 0
577 55 0
1303 -251 0
1528 1942 0
-1198 -1794 0
925 -1567 0
1465 -978 0
-1010 -1752 0
1470 410 0
138 -1055 0
-1941 -1468 0
1518 -983 0
-1736 417 0
245 -1589 0
941 -624 0
-301 830 0
1215 283 0
-1657 323 0
-1358 -1094 0
757 -200 0
1615 -768 0
1592 645 0
1670 473 0
442 992 0
15 593 0
-372 1166 0
-121 1039 0
1205 -213 0
1861 1539 0
283 -1667 0
-1235 -835 0
-193 108 0
-1460 88 0
1496 1072 0
1524 -1392 0
-465 -1037 0
-1557 1347 0
-1903 1012 0
1244 -1479 0
638 -489 0
1385 1700 0
-1725 1174 0
754 -508 0
839 -1616 0
-1636 -1505 0
660 1463 0
-1500 1300 0
-540 -1493 0
1199 860 0
498 85 0
-1040 1440 0
963 106 0
-1717 1406 0
-1171 -1880 0
229 -776 0
1456 -829 0
-623 606 0
1959 -252 0
-1632 -1197 0
111 -89 0
-1514 1871 0
-1063 -864 0
-1862 433 0
166 1224 0
1812 23 0
-24 1173 0
-884 -1778 0
-1941 245 0
-979 -713 0
-1898 -555 0
-1177 1167 0
-1810 383 0
-69 -1208 0
977 -1781 0
-1193 -437 0
1039 -1077 0
-1046 1834 0
1213 -332 0
1100 619 0
213 877 0
-1972 96 0
-1634 -1460 0
-1900 -836 0
674 177 0
1931 789 0
-580 956 0
26 1875 0
-1223 -1808 0
-253 -998 0
197 -1793 0
-12 113 0
-49 -1281 0
1471 959 0
-1713 -1440 0
341 1369 0
539 394 0
1725 -755 0
1641 1115 0
-198 1338 0
-1012 -1915 0
-224 1121 0
-1402 -1573 0
-1173 -1204 0
8 1181 0
504 31 0
114 -1687 0
451 1113 0
226 789 0
1084 -1003 0
-273 -1676 0
692 -124 0
1612 -405 0
-1107 1674 0
-1918 306 0
192 77 0
-1990 934 0
-1515 1152 0
229 -821 0
-1315 991 0
-1189 -743 0
634 1017 0
1451 -647 0
-536 1122 0
-1035 -883 0
-1480 1195 0
1764 -1320 0
101 -1962 0
-1084 1529 0
421 1638 0
1363 726 0
-1661 749 0
1788 784 0
73 698 0
1874 -1420 0
-936 -1014 0
1607 -1073 0
-1389 -902 0
609 639 0
-1565 1533 0
1977 -1211 0
102 895 0
-410 1599 0
-1120 509 0
1739 1457 0
1611 102 0
-882 536 0
229 48 0
-242 -719 0
-1185 1285 0
-1293 826 0
-1064 -1434 0
1150 1380 0
206 899 0
-396 879 0
-1316 -1947 0
-582 -456 0
548 662 0
-55 -1191 0
1 -1767 0
535 -1633 0
-1800 -1937 0
-469 1895 0
-191 -1331 0
-1387 -847 0
-1161 -1600 0
-1633 -1993 0
-1053 336 0
-1736 -314 0
1815 1928 0
572 -686 0
1590 673 0
731 -1944 0
-815 470 0
59 -1499 0
-1321 -788 0
-1509 -1126 0
-1219 1722 0
1784 1520 0
-940 538 0
-103 -999 0
-1477 1163 0
211 -147 0
1137 -1150 0
-431 -1706 0
1295 1645 0
1808 -735 0
-1964 13 0
-896 201 0
1784 -1114 0
-1033 1261 0
-1215 306 0
-68 -1671 0
-109 -366 0
-889 1372 0
1202 1386 0
-984 -809 0
324 -861 0
75 13 0
476 1179 0
-497 -1772 0
-1738 -743 0
804 -81 0
89 -999 0
-744 -1823 0
769 -662 0
1235 -554 0
-113 28 0
334 -15 0
1033 -1230 0
-356 826 0
1983 -1713 0
1488 1500 0
187 1455 0
385 1476 0
1122 796 0
-134 -338 0
1939 -1992 0
161 1681 0
-748 -48 0
-387 -1123 0
-418 815 0
-198 -396 0
-1868 -1507 0
-974 950 0
1868 67 0
-1465 -42 0
-1812 -1209 0
863 -1422 0
-305 648 0
800 -388 0
1523 1348 0
562 1781 0
-335 1180 0
-1123 -606 0
-469 80 0
266 -681 0
-134 -248 0
471 -670 0
-284 -411 0
-475 1963 0
-432 327 0
161 -980 0
1774 450 0
486 -759 0
-498 1694 0
-746 -1147 0
-338 -1369 0
-354 629 0
-1308 -69 0
23 -1023 0
50 250 0
-1211 -397 0
245 1635 0
-1940 -1029 0
1276 -1675 0
89 -227 0
138 772 0
-816 -314 0
-121 797 0
-1256 -1846 0
-1503 341 0
-44 974 0
-73 581 0
1739 712 0
-1579 -1142 0
-1957 328 0
-550 1275 0
548 88 0
-604 11 0
-1765 1327 0
1689 -1046 0
1181 -1842 0
-436 91 0
921 431 0
-1604 -1263 0
1104 217 0
-1529 1783 0
-749 1502 0
-1107 1737 0
-1656 948 0
1084 644 0
741 391 0
-278 -1225 0
-1196 1260 0
715 -412 0
1933 600 0
-761 903 0
-1510 -500 0
795 135 0
1005 -1998 0
1112 1577 0
866 -627 0
986 1962 0
1587 55 0
-859 -1202 0
-1789 871 0
602 1211 0
1101 -71 0
1085 45 0
647 -380 0
1339 131 0
-1302 853 0
1734 1550 0
1131 -1241 0
525 1115 0
-1786 1621 0
1301 -209 0
-616 1165 0
-639 -309 0
-1229 -1656 0
1528 -1948 0
-1091 1500 0
1923 1978 0
1124 1086 0
1611 -1088 0
-97 714 0
691 1373 0
-596 636 0
-1446 897 0
685 1787 0
-1421 1963 0
-1835 -851 0
1009 -1371 0
-1411 1708 0
1796 908 0
123 1076 0
1133 -1801 0
-1101 1045 0
-442 1215 0
-1023 -1540 0
914 -117 0
-815 1870 0
-926 -1418 0
1515 -1408 0
-1142 -1144 0
-1132 1163 0
485 -252 0
-1456 352 0
-1241 1248 0
-823 1237 0
1455 -1715 0
-256 695 0
585 -1050 0
-819 -1200 0
1662 -411 0
1440 -1873 0
-1199 -170 0
-1226 1437 0
1438 -1017 0
-1045 -311 0
1076 -1554 0
-522 -426 0
-367 1865 0
405 -438 0
1176 228 0
1488 1014 0
170 1129 0
-840 1584 0
-185 504 0
-1670 1098 0
447 952 0
-1416 729 0
-376 -654 0
449 32 0
1135 528 0
267 -995 0
-1394 -1820 0
1376 1312 0
-1256 161 0
1656 -369 0
1360 -34 0
1539 490 0
-1982 -1611 0
-296 -1474 0
-1104 1469 0
-1727 -579 0
-222 521 0
-266 -1926 0
-252 -1522 0
1422 1092 0
-1934 -405 0
1209 -1497 0
424 1640 0
378 -336 0
1098 3 0
1967 513 0
1061 1175 0
-28 -1820 0
-190 -396 0
-999 1171 0
396 674 0
749 295 0
344 1285 0
1859 1637 0
-1131 -1399 0
-1391 -193 0
314 -721 0
-1522 -1751 0
1310 -1025 0
-808 870 0
-341 1744 0
-31 970 0
831 396 0
996 -360 0
-262 1937 0
1733 1598 0
1885 313 0
1505 400 0
-1026 -561 0
-1189 1021 0
721 -1316 0
-101 960 0
1726 -929 0
-672 121 0
47 -1819 0
83 -1854 0
260 -382 0
-105 -1336 0
-1205 -1829 0
-1263 1715 0
-432 372 0
803 -1417 0
1846 967 0
-1328 -760 0
-1777 -1076 0
-1098 1011 0
-320 371 0
-1719 -1037 0
-803 1243 0
1385 1824 0
1661 -74 0
-582 -459 0
1524 554 0
-234 920 0
622 -1274 0
-1985 1542 0
-1549 -1361 0
-727 -1964 0
-415 -1544 0
-1519 427 0
-1610 -1316 0
-598 728 0
-82 1665 0
-403 425 0
-935 -665 0
630 -381 0
1040 -644 0
-1688 1115 0
1280 -1948 0
1912 -761 0
-236 1914 0
-139 -102 0
-181 1109 0
1780 524 0
-1860 1878 0
1557 780 0
773 -1534 0
-1312 -1805 0
1992 1812 0
-765 -1279 0
-1891 -418 0
-1905 -1386 0
1035 -861 0
-93 -499 0
-209 964 0
1563 1400 0
-570 -842 0
-1578 -135 0
1635 -1197 0
1652 -1542 0
1149 -1023 0
636 -1555 0
1231 16 0
-353 1394 0
1671 -371 0
-178 -1563 0
-806 -984 0
-1921 920 0
807 70 0
1758 435 0
1359 -4 0
-516 1306 0
-1240 -167 0
-1223 -1393 0
1865 -1257 0
-270 -913 0
-1262 -1811 0
1048 -244 0
690 -1658 0
-1162 -1169 0
-968 -16 0
1673 43 0
-995 873 0
-1245 1545 0
16 -1599 0
-1126 -25 0
-70 838 0
906 1627 0
850 1331 0
-1762 1647 0
1192 -1490 0
1774 -648 0
-277 1953 0
-658 952 0
-258 24 0
602 -1383 0
1433 938 0
817 -1725 0
-73 1306 0
1656 1535 0
567 -1091 0
1850 144 0
-403 -1864 0
-1331 633 0
1835 -181 0
-1038 -432 0
1303 699 0
1508 -823 0
-815 477 0
745 -1371 0
-1960 -526 0
-1382 -546 0
771 -1217 0
-1258 -299 0
442 -678 0
319 1844 0
1835 -1966 0
1864 1324 0
-673 -1923 0
-1108 285 0
-1057 -178 0
-986 -993 0
713 1255 0
638 1479 0
1333 -1391 0
-1372 -529 0
-285 -1131 0
1127 -940 0
406 -152 0
-517 -1233 0
1064 1813 0
-978 702 0
-153 -192 0
-1909 -780 0
-619 -1216 0
-921 703 0
1852 -1062 0
1675 -1545 0
1265 -1246 0
687 -378 0
-1253 -1755 0
1180 1103 0
365 853 0
601 -563 0
-1075 -897 0
1165 515 0
1628 539 0
-920 740 0
947 943 0
-571 581 0
772 1896 0
384 -35 0
1842 1041 0
-1891 -1443 0
-1221 888 0
1885 -1833 0
578 844 0
812 -1434 0
439 722 0
-4 -1680 0
396 -217 0
-869 606 0
-1468 562 0
-271 -854 0
-1315 -385 0
-671 651 0
591 636 0
546 -1787 0
-667 -1439 0
881 360 0
-1014 1136 0
-282 890 0
878 -391 0
-1777 -1113 0
-1930 -1027 0
934 -605 0
713 500 0
-528 -1992 0
1725 293 0
746 -1227 0
1234 -1080 0
-459 1828 0
537 1399 0
748 -1824 0
1578 -1526 0
1130 -194 0
1748 -1970 0
-143 945 0
115 -490 0
-1553 914 0
1090 -914 0
769 -331 0
-1642 144 0
1412 -1423 0
-1754 -1676 0
-738 923 0
792 -171 0
318 62 0
-819 183 0
768 1970 0
880 1950 0
1420 -785 0
403 869 0
-565 1605 0
-1692 -469 0
-1932 1055 0
575 -1629 0
-1893 917 0
625 -1406 0
-327 428 0
-515 1656 0
1994 -261 0
-1288 -995 0
-1136 318 0
-1299 495 0
-351 -1904 0
-1111 1648 0
-1500 -1145 0
263 -1978 0
890 -1344 0
239 -1578 0
-1393 634 0
1494 -1237 0
1251 1424 0
36 -533 0
794 -1437 0
1413 1199 0
403 159 0
1282 73 0
4 -458 0
1369 -461 0
-39 360 0
-1224 993 0
1550 -1456 0
757 383 0
-1810 911 0
1938 1963 0
-1044 1471 0
1756 861 0
945 -1380 0
-1501 671 0
-1188 571 0
-826 1711 0
1430 750 0
365 -1263 0
247 91 0
-124 343 0
44 411 0
773 -1530 0
-722 -124 0
-271 1179 0
1754 1406 0
1676 -810 0
172 373 0
-292 599 0
771 -882 0
516 1038 0
1186 1515 0
1687 1498 0
560 -1133 0
-1781 1640 0
-782 -1537 0
558 1141 0
-1398 -1035 0
883 -1417 0
-1304 1065 0
-1306 -334 0
164 291 0
-1824 -1800 0
1762 817 0
-1217 750 0
-649 -273 0
976 -1115 0
1640 1793 0
1271 -1028 0
1413 -768 0
1600 1684 0
1736 314 0
-1576 205 0
-145 -72 0
1550 -738 0
-229 1990 0
906 193 0
814 163 0
749 1631 0
1798 805 0
-60 1809 0
-1171 556 0
-1515 -1505 0
1380 -873 0
-189 1387 0
1290 1518 0
-351 -387 0