p cnf 4000 4000
1683 2184 0
-2742 -1760 0
2307 2374 0
-2171 -47 0
3767 -3266 0
-1387 -332 0
1812 -1974 0
2379 -2387 0
2417 1991 0
-2195 -2214 0
3715 647 0
-3141 802 0
3308 -1821 0
-226 -1272 0
1859 -1917 0
-2430 3080 0
2986 2889 0
-2938 3450 0
-1307 2093 0
11 -2392 0
2722 -505 0
908 -2856 0
-1581 3189 0
984 2692 0
-2196 -3737 0
2107 -3511 0
-1883 -791 0
1039 3846 0
40 1294 0
-2502 -2011 0
-1594 1411 0
-3460 -2745 0
108 -1898 0
-2045 -3997 0
-3352 2448 0
3185 -1239 0
-2089 1245 0
-3146 -3696 0
-164 -1492 0
332 -1997 0
1005 -227 0
-886 2103 0
-3121 -2114 0
-1814 -1203 0
-278 -3506 0
803 27 0
-2175 629 0
145 -1460 0
523 -996 0
2540 -2066 0
-1230 -452 0
977 1984 0
1129 -3422 0
-3367 -1998 0
-230 -1323 0
429 3100 0
-997 -2282 0
977 -1635 0
3011 -1851 0
2605 2158 0
-1008 -2744 0
-1961 1062 0
-2237 1275 0
-3401 2199 0
2683 -2832 0
1258 -1590 0
-724 -3989 0
-3361 -1267 0
3272 -2898 0
-2464 1667 0
373 27 0
-3884 -1634 0
3324 320 0
-2429 -2973 0
2318 -290 0
-1627 -3036 0
2355 563 0
3062 -988 0
2105 -1801 0
75 -108 0
-2350 2099 0
-3095 -1022 0
-2846 1572 0
3102 3912 0
3296 3860 0
-3346 -2464 0
926 -1851 0
1920 -803 0
-1124 -667 0
-2363 1655 0
-3434 -1345 0
-418 1620 0
2277 911 0
-2419 2378 0
3498 954 0
-322 -1612 0
-500 2140 0
2907 -1458 0
3409 3631 0
-3773 -1083 0
-3054 -2398 0
2219 422 0
-1774 -506 0
2984 3493 0
-3804 3410 0
88 -2583 0
-2754 3301 0
987 -754 0
2187 -1545 0
543 -602 0
2297 1410 0
-1485 107 0
3559 2188 0
-2011 3295 0
-3659 -2917 0
-570 2345 0
-2329 772 0
-135 -828 0
3768 2147 0
-3249 1564 0
1948 -362 0
2739 -2982 0
1581 -790 0
694 358 0
1539 1737 0
-152 3619 0
732 1350 0
973 -1443 0
3628 -611 0
-1108 3859 0
-3 -3394 0
-2958 2846 0
1871 -1618 0
-2279 -2074 0
3977 3901 0
3793 -722 0
-2741 2202 0
1803 -1396 0
-1875 -3124 0
3295 2046 0
-1794 -1918 0
-1943 3357 0
3024 -1382 0
-643 -2032 0
2934 2233 0
-2437 1429 0
-2797 3343 0
1191 2570 0
3749 102 0
1925 1179 0
-3326 1902 0
-3084 -1014 0
2498 277 0
3113 -3014 0
-1534 1116 0
-3720 281 0
548 3149 0
-143 -3267 0
1350 196 0
-1265 781 0
2690 -3425 0
-2375 -2728 0
634 -3722 0
1882 1697 0
-2288 524 0
724 -1474 0
158 3463 0
1272 -1956 0
980 -429 0
1566 3063 0
2996 -1570 0
-2122 3514 0
-3665 3153 0
2266 -2399 0
73 1702 0
-1133 516 0
3093 2899 0
-1299 3253 0
1261 3865 0
2572 570 0
-355 -3097 0
1755 -3330 0
-854 2411 0
-2899 -2331 0
1714 89 0
-3713 2431 0
1622 -3247 0
3278 3037 0
165 12 0
750 1558 0
-840 -3715 0
-3439 947 0
3001 1352 0
3370 -514 0
2478 -812 0
-1460 1824 0
2478 -1687 0
-1487 3869 0
3816 1981 0
-1379 2794 0
-2441 2127 0
-884 -2200 0
-1699 3124 0
230 -2879 0
-54 2822 0
3001 -1945 0
-1500 -652 0
-270 -1879 0
-3440 2123 0
-2721 2237 0
-620 -2522 0
-709 3228 0
-1178 -837 0
324 1019 0
-2699 -834 0
-2838 1129 0
-357 1168 0
1842 -753 0
-1217 -2422 0
-2251 3332 0
-1431 -3222 0
-793 630 0
-3375 1093 0
-3864 -525 0
-2198 81 0
-3372 743 0
3005 -511 0
-2402 -339 0
2654 -561 0
2993 -407 0
-2447 -1194 0
389 -1326 0
-2532 1824 0
-2417 3421 0
2221 1818 0
543 -1535 0
3198 -1060 0
1815 -2457 0
-433 -3923 0
2242 -493 0
2779 3731 0
866 3683 0
3522 -1908 0
-1220 155 0
-3191 2038 0
2630 -1574 0
2249 1523 0
-306 -301 0
3286 1949 0
-421 550 0
1610 -1016 0
1324 1345 0
1002 -3156 0
-2948 3642 0
3853 3667 0
1289 -1753 0
-1198 1942 0
3661 -190 0
-102 -1869 0
-3968 -1065 0
620 -487 0
3603 1264 0
-3737 2267 0
-1318 -2827 0
125 3851 0
836 2733 0
-475 3154 0
3181 -3775 0
1307 3240 0
-816 -3126 0
1189 -2734 0
2233 -3061 0
-3130 3013 0
3987 -2857 0
-3244 -855 0
-2255 347 0
-1602 64 0
-3936 -2873 0
-2085 -3414 0
466 3258 0
-3242 1018 0
-1612 -2055 0
-3933 -3215 0
-3144 2959 0
-1871 -3200 0
-3783 -939 0
-1897 2618 0
-595 1369 0
-3090 -695 0
-2713 3378 0
-2655 -266 0
-3654 -1269 0
-3985 -332 0
985 2553 0
1734 3521 0
717 3678 0
-2719 -2112 0
2847 3889 0
3878 3865 0
2856 1535 0
1390 -2528 0
851 -951 0
899 885 0
1530 -2946 0
-2158 189 0
-75 1861 0
-1420 -1499 0
-2585 -2479 0
2364 286 0
2216 -847 0
-3809 -1040 0
5 -2598 0
-2049 2359 0
2315 -3348 0
2909 2032 0
-241 2054 0
-874 -1619 0
2999 -2784 0
3049 2215 0
2092 1960 0
3223 282 0
-3910 -3799 0
1342 -1853 0
-2650 -1148 0
1236 2594 0
-1209 1603 0
-3244 777 0
3476 -15 0
359 -3508 0
-2419 -2192 0
608 -3310 0
-1563 1842 0
-944 2931 0
-1453 -1144 0
-2181 -2523 0
3605 1826 0
3438 2845 0
-3880 -1327 0
2177 -616 0
-359 3550 0
-874 2886 0
-627 -1293 0
-2366 -1523 0
3199 988 0
-1827 -1897 0
3519 -3812 0
761 -1162 0
-2432 -3542 0
2425 2176 0
-1478 1968 0
2145 956 0
2496 1901 0
-490 474 0
1409 1664 0
-2206 1815 0
-671 365 0
-2800 -624 0
-3944 -2205 0
3046 -3680 0
214 768 0
-2809 3417 0
-1453 2050 0
330 54 0
-485 220 0
-400 446 0
-2881 -1450 0
-1972 -3627 0
2960 32 0
3450 -321 0
834 34 0
87 -2966 0
2098 -2046 0
-472 -1387 0
-3194 2258 0
-753 -392 0
3176 -742 0
-3001 -1911 0
-1695 551 0
-3769 -2225 0
-3760 1684 0
-2585 -1162 0
2269 -647 0
1547 -3512 0
2679 16 0
-90 -1587 0
2550 1879 0
925 -2519 0
-3968 -40 0
-322 -1772 0
665 -356 0
-1632 -1170 0
1595 -2466 0
3535 2241 0
3637 3790 0
-2901 -3360 0
3660 -439 0
2804 -626 0
1505 -1984 0
-519 3288 0
2072 3427 0
-1813 2091 0
3536 2659 0
-1824 1708 0
-3650 1254 0
1407 -642 0
-650 -1363 0
649 3269 0
-1880 -366 0
2728 -1228 0
3593 -2209 0
3762 685 0
-1791 1691 0
-1622 -3711 0
-3346 2468 0
3425 -3114 0
469 -2216 0
-2250 2753 0
1477 -2743 0
-2818 -1044 0
-2012 -218 0
1685 637 0
3254 3469 0
-125 1545 0
-430 1742 0
997 -1775 0
618 2310 0
-1046 -2425 0
3747 2897 0
-1742 -3143 0
3301 3356 0
3104 -1322 0
-3806 3311 0
-2261 2548 0
3154 1427 0
-1553 -1535 0
-1239 396 0
3392 -2149 0
-537 1365 0
2597 1415 0
-515 -2801 0
1127 -3093 0
543 1172 0
3896 2602 0
-1833 -2502 0
-1067 -503 0
3923 -995 0
485 -450 0
481 -3246 0
2592 -2003 0
-3182 -2744 0
1314 1556 0
2850 -2563 0
-3086 2501 0
1233 1477 0
1157 564 0
-2050 2291 0
-294 361 0
433 -484 0
2939 2560 0
3190 -1940 0
-2515 687 0
2259 -335 0
253 3699 0
-1720 3303 0
599 3647 0
2731 3883 0
-3104 -1019 0
-140 -3644 0
-895 2712 0
2538 3418 0
-351 3727 0
-1424 -166 0
-3888 1990 0
-3857 2827 0
-2763 3977 0
-1913 2535 0
-1793 -3196 0
-3810 2747 0
718 -3655 0
-2538 -3926 0
-3661 3216 0
-3937 2052 0
-1620 -3704 0
-2086 3984 0
-429 3108 0
-1705 1578 0
-709 699 0
-2030 3581 0
2965 584 0
172 839 0
2429 142 0
-3613 -3729 0
522 1203 0
-96 3323 0
-2881 1630 0
-1151 3977 0
109 -1918 0
2474 -3729 0
-3767 2125 0
-2273 -200 0
955 -612 0
-3786 -2051 0
3152 -544 0
1217 316 0
1554 3554 0
-3872 -1746 0
-2929 -3498 0
-2676 -502 0
1263 -1979 0
1867 2465 0
-647 -1082 0
534 -2261 0
-2132 2328 0
-60 -2705 0
-3171 -2460 0
1163 2019 0
-3199 -3140 0
3491 1916 0
2437 3925 0
-1974 -235 0
-2753 1099 0
872 -865 0
-1032 1110 0
2989 -2588 0
-3410 -3156 0
1260 520 0
-2063 3203 0
1534 -341 0
-408 -1635 0
-3820 -1058 0
-1416 1172 0
3766 1727 0
-1725 878 0
-439 -2832 0
-3350 3892 0
-1046 -94 0
-2352 2660 0
3707 -1512 0
-3269 461 0
-3457 -3511 0
857 3781 0
-1089 -2393 0
1593 316 0
1900 27 0
557 -2266 0
-2403 2802 0
1963 2633 0
3908 1138 0
2136 -3632 0
1971 1313 0
734 2170 0
252 1187 0
-946 -1518 0
770 -319 0
3513 -1350 0
493 -2360 0
3338 1615 0
2960 -2892 0
-2744 3827 0
707 179 0
868 2405 0
-275 -1162 0
-2044 -3256 0
1756 -2186 0
-3869 2288 0
-3750 3924 0
-1942 -2355 0
34 2767 0
2438 -3498 0
-988 2380 0
1442 3590 0
-1828 -716 0
-1615 -3975 0
1768 634 0
-1396 -3638 0
3944 2414 0
1632 -1334 0
-3163 -3150 0
2057 2928 0
-2398 -2224 0
3142 -719 0
2323 -1113 0
553 -1998 0
-3125 3126 0
495 3574 0
-1605 2776 0
-3076 3641 0
109 1942 0
-2524 447 0
-665 -1931 0
3118 -404 0
1137 41 0
981 2846 0
52 -984 0
-171 3661 0
2656 3137 0
-2992 -3956 0
-1502 -2104 0
3577 -3093 0
-3932 -353 0
3130 -78 0
-3812 -175 0
-3173 58 0
855 -294 0
1118 910 0
3303 -3567 0
-967 -2707 0
3617 -432 0
1453 3841 0
-830 1179 0
-2966 2611 0
433 -221 0
3804 1233 0
-3206 1809 0
1773 -2842 0
-3233 3332 0
1101 -2883 0
-3108 -3139 0
192 3047 0
-320 -585 0
-1918 3107 0
2186 -3711 0
-955 2420 0
2146 1018 0
-3980 -3568 0
-33 322 0
-1215 -3355 0
232 -187 0
147 -3927 0
1866 3895 0
-927 -2171 0
-1959 -408 0
1159 -3058 0
-3899 -479 0
1874 3590 0
275 -1541 0
-1161 -982 0
943 109 0
3331 2738 0
-2492 -480 0
-3257 124 0
3019 -2735 0
-1669 -1417 0
3864 -1989 0
-652 72 0
884 2056 0
-3797 2048 0
-3946 3579 0
1438 -3424 0
-699 -3139 0
802 3464 0
1525 3697 0
-2345 1380 0
-1646 -3051 0
1372 2111 0
-249 1424 0
3234 2954 0
-3057 1973 0
-556 342 0
3036 -1051 0
1713 -33 0
-561 -3574 0
3953 -2081 0
1885 2205 0
3454 -3111 0
-2004 -3486 0
238 3910 0
-402 530 0
-2445 298 0
200 2000 0
-1642 -3710 0
-2021 -1556 0
-169 -640 0
-3641 748 0
3607 -2211 0
-2695 -3942 0
-1708 -1345 0
929 3148 0
-1296 718 0
-1015 2359 0
982 -405 0
1864 -2603 0
1322 1740 0
-2264 1921 0
3092 -2942 0
3937 -3493 0
1966 -3650 0
-3176 -3581 0
-1470 -3360 0
-2765 253 0
303 -3512 0
-88 -2375 0
-1096 -2423 0
-532 2474 0
408 936 0
-2504 2992 0
-785 -691 0
766 3063 0
-837 3713 0
310 -1365 0
-1403 1326 0
3502 -1929 0
-2563 -921 0
920 -1979 0
-1412 3238 0
1236 268 0
2022 -3894 0
3410 -3888 0
-2181 3584 0
-2209 2785 0
1171 1095 0
2805 3715 0
2835 -973 0
-3092 3342 0
-3374 -2861 0
366 2782 0
-1285 702 0
-3006 2881 0
-539 -3301 0
913 88 0
-151 -1632 0
-1685 1688 0
2233 2285 0
-1188 -1257 0
3957 -1057 0
2726 515 0
2088 898 0
-2318 3366 0
-908 -3100 0
-3366 2611 0
-3426 -1166 0
402 -1360 0
1200 -3296 0
708 1333 0
3246 196 0
-2108 1046 0
-3444 -778 0
3216 1875 0
-3516 -1272 0
-1534 1484 0
2982 592 0
159 1390 0
3079 -2334 0
3161 2217 0
-250 -543 0
3609 -450 0
-1754 -3820 0
-557 541 0
-902 1928 0
3078 -1253 0
1882 -967 0
-179 3318 0
3832 -627 0
-653 2271 0
-2614 3226 0
3204 2396 0
3163 -3222 0
-491 1912 0
-151 -1764 0
1420 3952 0
-1588 -3537 0
50 393 0
-1530 3931 0
-2057 3233 0
-353 -465 0
2675 354 0
-893 3277 0
1112 -2963 0
-615 -3374 0
2139 -1292 0
-216 -868 0
421 -2645 0
-531 1862 0
2055 212 0
-1407 -338 0
-453 -1866 0
-1249 2708 0
-2129 -2650 0
417 956 0
-1964 15 0
2429 3077 0
1352 1327 0
2457 1038 0
3146 -1866 0
2384 2746 0
-3133 2386 0
882 987 0
-2209 -2281 0
-574 2855 0
-3902 2538 0
2097 154 0
944 619 0
1538 3269 0
-3267 2018 0
-2482 3465 0
2388 2454 0
2638 -2663 0
-1499 3159 0
2205 -2645 0
1378 2109 0
884 -833 0
2392 -2180 0
-3382 -1459 0
-2720 2353 0
670 1100 0
2282 -557 0
1765 -3460 0
-895 -405 0
-3412 3283 0
-3204 3660 0
3862 -1500 0
-2596 3633 0
-2290 -2627 0
-3032 1266 0
3405 -1017 0
-1618 1332 0
-317 -2650 0
-1410 3447 0
203 2775 0
-3592 -3352 0
3986 2442 0
-2094 -2690 0
-1518 345 0
-3347 -268 0
3906 -1325 0
-280 -3239 0
1293 -3078 0
2902 -3130 0
-3081 3838 0
657 -710 0
1888 -2858 0
2194 501 0
-2233 2896 0
-3964 3927 0
-88 3628 0
2781 3021 0
3648 2573 0
1786 2747 0
-3151 2197 0
-1932 -3589 0
3313 802 0
1653 -2597 0
-2874 1112 0
3475 -287 0
-1132 -2810 0
-1031 570 0
1524 2834 0
408 -2524 0
2165 -1513 0
3144 -3971 0
-286 -2364 0
-2009 -1680 0
-1007 -3634 0
3079 1942 0
2417 -3569 0
-1350 -2617 0
-1858 -3332 0
-1163 166 0
-3049 3595 0
206 874 0
-3077 -98 0
2899 1813 0
-1840 2200 0
-2243 3242 0
-1276 -386 0
-1863 -3576 0
-2213 -1440 0
-567 -2041 0
1117 1603 0
501 -1127 0
-2017 -2970 0
-2686 3159 0
1047 -2573 0
130 731 0
-2767 3811 0
-283 -2180 0
562 1500 0
-2669 3445 0
-3943 795 0
-1161 -1154 0
121 -801 0
-617 -109 0
-103 3655 0
1671 -3558 0
1301 3539 0
1431 -3683 0
1919 2540 0
-1016 2186 0
1404 3699 0
2755 -2713 0
1799 1459 0
1375 -3675 0
-714 993 0
-2957 3281 0
-2625 3830 0
-3125 -3588 0
3921 2150 0
-1304 2282 0
2568 -593 0
-860 1139 0
-1576 -670 0
-1638 -1393 0
2626 -3098 0
-457 3034 0
1862 2168 0
-535 -2019 0
606 -1651 0
-2615 -2259 0
-1220 3227 0
3430 3268 0
-2240 -2019 0
-3112 2928 0
-778 3584 0
-1198 3038 0
3511 862 0
-430 3508 0
1275 1956 0
-3321 -3619 0
-3360 1259 0
2459 -446 0
1524 -1248 0
-1738 3593 0
-1453 -2335 0
-983 -1729 0
-655 3358 0
679 -2826 0
1466 2036 0
-3757 1625 0
-842 1784 0
1119 -3768 0
-1965 -2899 0
-3535 2533 0
-310 3673 0
-3019 -3323 0
1987 -889 0
1231 847 0
1090 -815 0
-3839 2352 0
-2550 -3809 0
-892 -3536 0
1432 754 0
-820 -541 0
-3948 -3941 0
-3987 -741 0
2507 -3155 0
3101 -3117 0
1970 -265 0
1975 1856 0
-2823 -3317 0
3799 2810 0
2008 -3909 0
244 2222 0
2503 -2307 0
-1520 -3688 0
-3490 -572 0
-1268 2000 0
911 -3500 0
41 3379 0
-2468 1324 0
-15 3762 0
3994 -3092 0
3036 -3118 0
-3650 -2236 0
3913 540 0
-2100 -1352 0
-3353 481 0
2893 235 0
2921 1131 0
-28 -1105 0
-1358 -2622 0
-3058 3806 0
-3647 -2212 0
952 -433 0
3152 -3328 0
-1702 1387 0
-2724 -1124 0
3388 -709 0
1367 2247 0
-3356 3125 0
2282 1728 0
3295 2389 0
-1571 -1431 0
-2900 -737 0
2373 -2760 0
-1613 2430 0
-2281 -2546 0
942 3948 0
-3473 -3658 0
3635 2029 0
2705 -1641 0
1230 2215 0
-122 -392 0
3628 -3500 0
-3410 3399 0
2661 -3271 0
-2864 1021 0
-3400 -83 0
-3269 3838 0
1945 -721 0
2220 -3518 0
76 -2210 0
-2835 627 0
-903 -1177 0
2129 2080 0
3796 -1355 0
1859 -1350 0
-3210 -1979 0
-976 2301 0
-515 3876 0
1745 2862 0
650 -40 0
1653 2658 0
2919 3966 0
2340 2683 0
-1460 -1774 0
2016 -3372 0
2254 -775 0
-3326 -3027 0
-3983 2945 0
3426 582 0
148 -2029 0
-2372 1697 0
1324 3728 0
-2432 -374 0
1690 3942 0
-228 1222 0
2517 537 0
-511 -2607 0
3736 3153 0
3055 3376 0
2259 24 0
1501 -3204 0
726 2193 0
-276 -192 0
-3532 -3253 0
3325 -3273 0
3550 -2327 0
2661 2971 0
3699 -1072 0
1050 3720 0
670 2114 0
-2489 -1683 0
-786 -2729 0
517 2400 0
-700 1941 0
-3964 3340 0
-1556 -978 0
-586 3386 0
2661 -827 0
-2205 1593 0
-3064 2128 0
-1978 -1129 0
-1632 -3614 0
1668 -3687 0
-2945 1974 0
-2249 -2520 0
2861 -208 0
-3083 -2476 0
-2614 -555 0
-233 -1700 0
3361 -588 0
-3637 1202 0
2220 -1157 0
-2086 -1433 0
1873 -3163 0
2307 -1122 0
-3409 797 0
3946 -1628 0
-1380 -3068 0
-1349 2397 0
-1300 3321 0
606 -2863 0
-1998 2144 0
-2692 -1071 0
-506 -606 0
1852 1223 0
-2751 1551 0
2139 3650 0
-2311 -3 0
780 -116 0
1244 -2169 0
467 2989 0
-1239 2660 0
1272 -2078 0
459 3106 0
-3757 3359 0
-914 3627 0
1725 1964 0
-3679 -106 0
2671 -3477 0
-2798 -1867 0
-1939 3870 0
1759 2244 0
2807 -1048 0
-2368 1580 0
-3065 2375 0
2805 -3495 0
356 -743 0
-3453 1107 0
-3901 -2633 0
1401 -3290 0
-1965 1729 0
1412 -228 0
1684 -893 0
223 -831 0
564 3797 0
2043 1512 0
-3234 1204 0
-1065 -51 0
-3222 2011 0
-1530 -3997 0
3977 -1434 0
3300 -661 0
3873 1551 0
420 812 0
-3340 -541 0
-1625 2152 0
-3539 -1873 0
739 681 0
-1036 -2453 0
2084 2728 0
-1622 -3177 0
2958 -3967 0
-842 -1296 0
20 3214 0
1534 3854 0
-595 1267 0
-557 3678 0
-1480 -885 0
953 -2788 0
-1265 2129 0
-307 3335 0
-2006 535 0
-1407 -2451 0
1599 3013 0
-2411 -3042 0
302 -2107 0
-3026 3454 0
1655 1302 0
-1597 -1254 0
3227 -1861 0
-1838 3576 0
992 3335 0
3157 -2105 0
-544 -1323 0
-926 -1955 0
1814 1246 0
3271 -2982 0
-1117 -1673 0
-3626 1913 0
-2728 -3401 0
1967 3120 0
-2449 2349 0
-94 -1133 0
-3350 539 0
3619 -3704 0
2388 -336 0
2611 1187 0
-2074 -1712 0
-1160 -3161 0
-2388 465 0
-2277 2181 0
1859 -2830 0
271 -1160 0
61 -1979 0
3862 3506 0
-3846 1695 0
2554 2979 0
-2391 371 0
3576 2313 0
-2807 -2464 0
1667 -983 0
-2000 -3805 0
-1484 2337 0
1767 -1640 0
-2157 315 0
-894 -2177 0
2819 -3627 0
1164 -2258 0
585 3999 0
-1589 2887 0
-2473 -1847 0
1449 -3194 0
868 -2594 0
-3182 1617 0
3534 -105 0
-3608 801 0
-807 -1847 0
-2605 -1304 0
-3165 533 0
-881 2961 0
2488 -614 0
-146 -1275 0
-380 -922 0
-1893 2561 0
2903 -1858 0
-3007 3420 0
1721 3806 0
1314 2273 0
792 -2089 0
-199 -1166 0
3833 -3377 0
-135 -1496 0
1896 83 0
3782 -719 0
2951 3879 0
3462 -1706 0
-460 -2042 0
-2789 143 0
2368 1447 0
3677 3259 0
-807 -2219 0
2189 1973 0
-3535 3298 0
353 2211 0
-2716 3248 0
793 1695 0
-2096 -770 0
-3057 3270 0
1483 -3485 0
-932 1828 0
-3697 3866 0
1137 -486 0
2313 -2798 0
3108 2569 0
1914 2665 0
417 765 0
801 915 0
1095 -1529 0
-2249 -3503 0
-618 -1688 0
3158 -3832 0
-2429 862 0
191 2100 0
-2865 -236 0
2317 -2907 0
1918 -2144 0
1343 -3221 0
-1849 2341 0
2850 -875 0
-142 -2019 0
-3429 1483 0
565 2105 0
-62 -2513 0
-3521 3974 0
-1692 1276 0
3075 -620 0
3571 -2393 0
3218 -2317 0
930 3030 0
2629 -2028 0
-1317 959 0
3268 1036 0
1712 3035 0
-1106 1235 0
2264 -1678 0
2804 -2146 0
3607 -1453 0
2728 24 0
690 1145 0
2999 -2512 0
2943 -1366 0
1602 -1426 0
-317 2035 0
587 -162 0
-3765 -1195 0
-2393 3607 0
-1025 -3714 0
-1695 -1946 0
283 1902 0
-3460 -3099 0
2427 -2254 0
3857 -3476 0
388 601 0
2733 524 0
689 -2692 0
3468 524 0
-3302 3994 0
1012 -965 0
-215 -2682 0
-498 1511 0
-3214 34 0
1773 3765 0
-1025 -1461 0
1728 -1231 0
-186 3546 0
1996 3657 0
-251 2858 0
1381 -196 0
-3342 1733 0
-2728 717 0
311 2374 0
-3534 416 0
-2460 427 0
278 3731 0
-2166 -519 0
101 -3547 0
-2493 1944 0
-1671 427 0
-2480 2118 0
359 -1857 0
1395 -2409 0
-3545 -2695 0
-2666 -3102 0
1935 1533 0
953 -2780 0
-1323 -714 0
-1436 -3621 0
3154 -297 0
1661 528 0
2989 3771 0
1744 -3748 0
3815 1735 0
-2375 3946 0
-653 1119 0
-1098 3769 0
-3072 -992 0
1255 -1833 0
-296 -3493 0
723 -1880 0
1092 1021 0
3489 2983 0
3213 -2896 0
-3362 1606 0
-1574 -2978 0
1453 1865 0
-3561 -3131 0
-38 -3938 0
-3489 -2625 0
1673 864 0
3293 806 0
-978 -3786 0
-67 -554 0
1724 -909 0
3000 -1238 0
2903 -3086 0
3717 -2727 0
170 -3299 0
-3750 -1354 0
-1590 2160 0
-3711 -3835 0
2478 -1364 0
-3282 -743 0
1450 -3341 0
832 -3909 0
3576 2162 0
2253 3389 0
2999 45 0
-3642 -2779 0
612 3009 0
-3275 -3339 0
3552 3995 0
3121 -3638 0
-528 -2792 0
-235 -162 0
856 2423 0
731 -557 0
-55 -2149 0
-3125 -1326 0
-1078 649 0
-2794 2884 0
1385 -2597 0
998 -2514 0
-2032 731 0
1568 2564 0
3515 -3019 0
-3465 -3236 0
2143 3927 0
-1616 -3850 0
-1828 -1626 0
2310 -3283 0
-677 1157 0
1549 -624 0
1311 -249 0
-3369 2583 0
1313 1957 0
3804 157 0
431 -1945 0
-1080 -2374 0
1882 -940 0
922 -3744 0
1720 85 0
-570 -1901 0
-3798 885 0
2101 -86 0
-3574 -2438 0
-2378 2432 0
-1018 -2946 0
-3680 -59 0
-2119 1434 0
-2517 969 0
-1173 -1431 0
3451 3501 0
1847 1783 0
-1438 603 0
877 -376 0
3441 1923 0
-389 1340 0
-948 1096 0
-2168 -2731 0
-1146 -2634 0
-2069 839 0
1148 -202 0
-530 -2378 0
-1347 -2412 0
1212 -3654 0
-2354 3170 0
-2607 3900 0
-453 -1535 0
1125 21 0
-2646 1676 0
-2989 214 0
-531 2310 0
1073 3433 0
519 -1979 0
994 1738 0
-2392 -2559 0
-2451 -808 0
-3225 -314 0
3039 -2714 0
1945 -1313 0
-2240 -1024 0
1904 2912 0
-2003 2399 0
-744 3474 0
-1841 3319 0
-285 2152 0
-318 1378 0
2117 3265 0
355 1383 0
-1097 -3693 0
-1215 2322 0
1999 -127 0
-3419 -906 0
-2223 -515 0
-96 -1099 0
-653 1581 0
-2547 2744 0
-50 -2359 0
2757 1314 0
-2877 2805 0
2279 -2094 0
-2969 3062 0
-1635 -1986 0
808 -3697 0
3548 -2714 0
-2186 3650 0
-2048 2578 0
10 1879 0
-2693 1723 0
-912 -1560 0
2875 -1021 0
2320 -1459 0
541 -1286 0
1958 -690 0
-1499 -1576 0
918 2630 0
-3376 1810 0
-3093 118 0
-188 2877 0
-1825 -3240 0
-1474 3955 0
-596 1927 0
-1418 540 0
-3674 -3463 0
-1957 943 0
-3989 -3798 0
-2427 2200 0
832 689 0
-3924 3735 0
2633 -1475 0
564 2425 0
689 2104 0
3595 41 0
-3269 -1991 0
-1374 157 0
1881 1308 0
-883 -257 0
-1941 3049 0
-1723 1676 0
-2403 1020 0
-280 865 0
3659 -406 0
-344 -1121 0
3296 -372 0
-2144 -3400 0
85 1246 0
3801 3171 0
3453 -3305 0
-3607 -1239 0
297 292 0
1780 -3667 0
3655 2055 0
-1419 -1728 0
2198 -364 0
-1877 722 0
921 1955 0
-1191 -3589 0
463 -41 0
-2577 -2430 0
1908 -3974 0
3855 2762 0
222 -2458 0
3181 -157 0
1252 -2626 0
-2977 -590 0
404 -1663 0
-937 -843 0
-53 -362 0
922 2055 0
-1172 -3545 0
3091 -425 0
-2216 533 0
-1938 -191 0
-3857 -2291 0
2804 -2555 0
-3510 -224 0
3909 1393 0
-1912 2940 0
2183 -3669 0
-3907 -2396 0
950 -1955 0
-1437 -134 0
3159 1416 0
3939 577 0
1956 -2706 0
-307 347 0
-1631 -788 0
-3269 2067 0
-1 1781 0
-1325 2869 0
2950 3022 0
3017 -1694 0
407 -1662 0
2117 653 0
-2311 -3879 0
1468 -3104 0
1871 1594 0
1902 -625 0
792 -1242 0
-3536 -555 0
-2973 2545 0
-34 -2489 0
-637 2865 0
928 -197 0
-3385 -3594 0
-1537 -683 0
-1974 3294 0
2196 164 0
-2026 847 0
1450 1539 0
1858 1987 0
-3655 1062 0
3351 -1101 0
2640 2851 0
2353 -2595 0
-2933 1875 0
2947 2529 0
625 -2609 0
-1727 180 0
-2018 2812 0
-924 2134 0
2348 140 0
1783 -2080 0
-485 -984 0
516 1626 0
1842 -1712 0
1731 1935 0
3071 -3459 0
290 -372 0
3289 -3008 0
-1538 -2225 0
-2160 -3688 0
2333 2065 0
-1014 -1222 0
414 1863 0
1695 3310 0
-1933 1083 0
-2290 -749 0
-2444 -1489 0
1694 3867 0
263 -3784 0
-447 2978 0
3897 279 0
-1034 1916 0
454 -1228 0
2120 2787 0
-2260 3428 0
-1291 1267 0
3853 3005 0
-2130 -3000 0
-71 -1262 0
-3942 -943 0
3120 2693 0
-3498 -1509 0
-2471 216 0
3937 -1364 0
1116 -392 0
-1803 -3722 0
-1850 239 0
3896 -1747 0
665 -2865 0
160 -324 0
-3094 2715 0
1346 -2390 0
21 -1653 0
2834 -1984 0
-2986 3375 0
3120 2036 0
-1138 -1751 0
2036 845 0
-3456 -2052 0
-2105 3862 0
3848 2739 0
-1109 1397 0
3576 -2295 0
1910 -282 0
2347 -3181 0
-2374 -2969 0
1982 -2562 0
-1824 -3575 0
2364 -464 0
2752 1499 0
-2692 3590 0
-1392 3061 0
-2123 337 0
1039 866 0
-3429 -1343 0
-3503 620 0
1932 -2097 0
-3680 308 0
3085 1834 0
-2644 -1883 0
-2574 2337 0
-2530 -1882 0
234 3911 0
-3827 -3842 0
3948 2983 0
-2654 2054 0
1997 1875 0
2679 2483 0
-997 -1041 0
-2808 3974 0
2576 -3314 0
3889 870 0
-1546 -2197 0
883 -2414 0
601 2231 0
-2673 1099 0
999 859 0
-477 -1425 0
2707 -1791 0
-788 3567 0
-423 -543 0
3247 -2992 0
3028 -3889 0
-1161 2056 0
1083 2933 0
2172 -2342 0
3032 3088 0
156 -3479 0
2984 1372 0
3800 -761 0
2769 3814 0
3185 3697 0
1348 3627 0
-2175 -3889 0
-3694 902 0
977 -1098 0
2115 2331 0
-3902 3675 0
2454 -3645 0
597 2612 0
-630 -1957 0
3001 3834 0
981 -3842 0
-3083 -1774 0
-2321 -219 0
474 1212 0
3670 -911 0
1797 -1612 0
168 -920 0
3780 3211 0
1012 3618 0
1731 1248 0
3520 -2482 0
-3425 2338 0
3318 245 0
632 2474 0
-773 3501 0
1372 2642 0
3360 -463 0
1098 498 0
298 -3676 0
2403 -1653 0
2222 3535 0
2574 -2431 0
-366 -1829 0
1709 -3770 0
1942 575 0
2859 -3728 0
1226 3976 0
2586 -1552 0
-3561 -3811 0
-467 -1459 0
1931 482 0
975 -888 0
3236 2789 0
3182 -3773 0
158 -2420 0
1271 -630 0
-2867 2616 0
-1234 3076 0
-1643 -3216 0
956 -634 0
2846 -3998 0
1864 1387 0
-1415 1155 0
2443 -1840 0
445 -1677 0
3975 65 0
-474 874 0
1978 -1110 0
3543 -217 0
-1512 937 0
-832 2119 0
-740 3503 0
1812 -1526 0
-192 -1450 0
-3464 660 0
1602 625 0
3023 569 0
-388 -1369 0
1863 -1209 0
-3148 -1176 0
762 -513 0
2881 -604 0
-372 1618 0
441 2271 0
2230 -1820 0
250 535 0
-2144 696 0
-2726 -2439 0
98 -67 0
-264 -3767 0
2608 2542 0
1573 3616 0
-456 116 0
-1626 2991 0
1228 -1562 0
1580 -3598 0
-2763 2607 0
695 2325 0
-1264 -2060 0
3680 2529 0
-3783 -2208 0
-1028 1850 0
-3732 3245 0
1765 2292 0
-953 -1271 0
-1592 1355 0
-3657 -3739 0
-1486 -2251 0
763 -2210 0
291 -3066 0
-3352 -1935 0
-3095 -3455 0
-2828 -1236 0
3702 -2348 0
1966 3077 0
-1268 -2955 0
463 1944 0
-640 1412 0
3856 -2524 0
-3677 -306 0
519 2655 0
-1989 -1266 0
-2833 1830 0
3512 1204 0
-2735 2218 0
-625 211 0
-1657 705 0
868 1014 0
2297 -1772 0
3580 -908 0
1385 2967 0
1436 -581 0
-1389 1567 0
3860 -3742 0
2345 -391 0
-1541 -2865 0
1024 1805 0
3802 445 0
2221 -3719 0
3922 -174 0
-2372 -2634 0
-1918 -869 0
1461 2354 0
-3516 -382 0
1153 -273 0
18 3894 0
527 482 0
3019 3883 0
3291 622 0
-548 -2414 0
3185 2137 0
-1012 -2796 0
-2850 3485 0
3106 -476 0
296 916 0
1742 -3631 0
-2874 -921 0
1585 -1062 0
576 -336 0
-3257 3344 0
3611 1179 0
-1196 2045 0
1635 -2235 0
3690 2198 0
3942 3275 0
-2784 1621 0
-2900 -3200 0
2977 1546 0
-3578 3210 0
3777 2035 0
778 10 0
-3171 741 0
-903 230 0
84 3230 0
3149 693 0
1015 1796 0
2657 3381 0
1615 -523 0
-435 760 0
2637 888 0
-3693 -1309 0
-2484 1509 0
-503 -2679 0
413 1673 0
-1911 -3749 0
664 -2802 0
-279 -2129 0
-3867 -3877 0
-1440 -2599 0
2032 -3491 0
1996 3685 0
1505 3103 0
-3554 1961 0
-3309 977 0
-2996 -3231 0
-3616 1980 0
1587 2999 0
2567 -1234 0
3578 -1659 0
-423 -3831 0
1187 -2567 0
-1 3573 0
1215 -2823 0
173 -2212 0
3277 2822 0
-3474 -3668 0
-3235 1813 0
1011 3278 0
-1542 -172 0
1582 -382 0
-1868 3812 0
2210 -1830 0
594 -1582 0
-2098 1081 0
2546 1206 0
1521 -3335 0
3413 -1575 0
2769 1709 0
-1209 2347 0
2344 3917 0
-2030 -499 0
1947 -2995 0
3278 -2179 0
-156 3428 0
-64 1651 0
3822 137 0
3018 43 0
-3032 -3452 0
3670 3448 0
3728 -368 0
-3033 3441 0
323 -3033 0
-2405 873 0
-2078 -3453 0
-3558 3601 0
2793 2346 0
-2071 -139 0
3593 -1291 0
2184 3400 0
2135 3343 0
545 -993 0
-3822 2053 0
2790 -2316 0
-3436 -1036 0
-3718 -502 0
581 -2251 0
1552 -1831 0
1808 -1932 0
-1239 -114 0
2914 -1638 0
-2981 -3785 0
2495 3177 0
117 -3744 0
2398 -1340 0
3970 -161 0
-2460 2983 0
3122 -3439 0
-1341 -3295 0
-2270 1822 0
-1032 -3351 0
3344 2390 0
2764 1245 0
843 -161 0
-1954 -1876 0
-2599 3410 0
-1793 -2305 0
3457 -3185 0
482 3556 0
2946 -3205 0
-2542 3023 0
-121 -3486 0
-1362 1165 0
3528 -1030 0
2443 1921 0
-2940 3086 0
1046 -2552 0
-3381 -743 0
2283 -3953 0
-1398 -2870 0
1846 2540 0
1348 -2446 0
255 1724 0
-859 3372 0
-3918 946 0
-3776 3023 0
-801 1309 0
-570 -2672 0
1593 -2717 0
1181 591 0
2823 3226 0
270 -3638 0
2381 -262 0
545 -1609 0
-2536 3420 0
328 148 0
-3768 -1962 0
1978 -1605 0
1427 1611 0
-1363 2290 0
382 3316 0
-2023 -3275 0
-2044 -1055 0
-2803 -2574 0
457 3432 0
-398 3966 0
-2496 -2914 0
-1020 1863 0
812 -574 0
-2479 3977 0
2180 3495 0
-1036 1918 0
-1276 3705 0
-2199 -2969 0
1460 -3907 0
-3613 3251 0
2789 1109 0
1849 2506 0
1537 -539 0
3564 20 0
879 1610 0
1860 1838 0
620 3845 0
1876 -52 0
-3977 1962 0
-3182 -2586 0
-1888 -1532 0
-2513 2639 0
-1333 -1944 0
1905 2800 0
2686 -2444 0
2635 -1838 0
-840 1137 0
-2139 2757 0
2548 -479 0
-2116 -1634 0
-3741 1821 0
-2849 622 0
-3130 -1354 0
-3418 3917 0
710 -2405 0
-3246 -2106 0
2974 -182 0
-43 780 0
2958 2740 0
2585 -3440 0
650 1260 0
1526 -2365 0
3687 -3205 0
3987 3817 0
-2090 2584 0
2490 719 0
-1513 -589 0
-3250 -3699 0
-2357 1410 0
2560 3786 0
-1993 -3529 0
-1990 -2809 0
2220 163 0
-2495 -2534 0
246 -724 0
627 1667 0
602 -2231 0
-623 -1368 0
2808 -308 0
2238 864 0
-2657 2626 0
-3642 2555 0
791 -2337 0
3560 -1226 0
-3947 -2912 0
2228 2600 0
-1565 227 0
261 -3650 0
-2469 2091 0
-2553 -3907 0
2514 2869 0
-512 3917 0
2262 3031 0
-3420 -2311 0
3808 3613 0
-3672 -615 0
3323 -2066 0
-685 2726 0
-602 -3193 0
-968 -2632 0
-883 168 0
2544 2250 0
304 2277 0
-1258 1465 0
1322 -932 0
-620 2745 0
-1506 2332 0
3117 3495 0
-268 -95 0
-2788 37 0
2913 -2175 0
766 -1054 0
-1828 -1942 0
2841 2390 0
-3828 -3580 0
-1469 -530 0
2847 -3981 0
-2276 2958 0
2766 3575 0
-2501 -2053 0
578 -3275 0
-2267 -2055 0
-1961 -3755 0
-2163 2328 0
-149 -2313 0
1338 3997 0
2778 -814 0
-3882 -3251 0
-2402 199 0
-2204 -2536 0
3613 -3287 0
-2288 -945 0
2410 -1579 0
-3550 -3922 0
732 1216 0
-1946 -32 0
3769 -1356 0
477 2096 0
-86 -159 0
2349 -949 0
2925 -1354 0
925 -370 0
1969 651 0
-3953 1052 0
-1952 3313 0
-336 -2754 0
3993 1919 0
41 3180 0
1852 465 0
-1649 3574 0
-824 1170 0
-3174 1303 0
-2417 -564 0
1251 -747 0
21 195 0
3949 151 0
-1489 -51 0
3113 2158 0
1605 409 0
-3232 3356 0
1775 809 0
2574 2534 0
3135 -2666 0
1927 59 0
3580 -3688 0
-1630 -3717 0
1223 -3165 0
1711 772 0
1890 -1097 0
-3666 2509 0
-2334 2777 0
1474 -219 0
-3836 656 0
-1564 2115 0
2113 1131 0
635 2770 0
-1646 3884 0
-1614 -1252 0
-5 667 0
-2052 -2502 0
-3359 3063 0
-2656 2089 0
-994 322 0
117 -3277 0
-2578 3448 0
652 -503 0
-2344 -3814 0
-3169 3090 0
-40 -1874 0
1744 1358 0
-3188 -3993 0
3955 3706 0
2784 582 0
-2902 -2483 0
-1916 -1690 0
-1616 -1343 0
-701 3989 0
-3713 -2666 0
3127 -2802 0
3847 -3903 0
2125 -1475 0
-2148 -702 0
2512 2487 0
1541 -2083 0
-40 -969 0
-3731 3409 0
3628 -1340 0
797 3093 0
-511 2987 0
-783 3829 0
2441 -2263 0
-3366 1979 0
-3106 3177 0
-623 -1939 0
-3224 -1611 0
-3254 -3173 0
1985 1216 0
3960 -2126 0
-1709 -994 0
1054 -15 0
1730 3977 0
425 -122 0
-2615 -2442 0
-861 1848 0
2506 -3593 0
-3847 1939 0
804 -1602 0
1448 -228 0
3744 3124 0
1815 1220 0
-366 -406 0
-617 1351 0
-2540 -1850 0
681 -3240 0
1423 -1838 0
-3892 -3513 0
3567 -666 0
1799 -1285 0
3275 3367 0
-2346 -3055 0
681 699 0
3970 -2584 0
2710 -339 0
-3428 1047 0
-1354 -376 0
1549 -1445 0
-81 -1047 0
1887 -2358 0
-717 -566 0
-1724 1648 0
-2613 2603 0
-3976 -764 0
3102 -2444 0
-2181 3792 0
668 -100 0
1694 -3085 0
-892 -3341 0
-568 3278 0
1380 1650 0
196 3876 0
-2539 3923 0
-1884 986 0
2316 -862 0
-3979 3679 0
1366 -1857 0
393 -1789 0
791 1427 0
2358 -1015 0
2208 1538 0
-770 -2209 0
3794 -1942 0
2229 1614 0
2682 2475 0
-2389 1094 0
1596 3328 0
2919 -3280 0
911 3009 0
-2171 -1924 0
-2619 -1143 0
827 -929 0
2647 878 0
-1929 1935 0
-1401 261 0
-148 1680 0
1646 3366 0
178 -147 0
2828 -2849 0
1589 3812 0
-3664 512 0
-527 2064 0
437 654 0
302 -3169 0
-862 2311 0
-3193 1574 0
3260 -1859 0
-3826 -296 0
-758 -3411 0
2056 398 0
-3564 2646 0
2277 -1666 0
3857 3308 0
1728 577 0
1633 3867 0
2492 2552 0
3272 -1251 0
-2277 3600 0
705 -660 0
490 -2862 0
366 -2018 0
-1526 2583 0
-3890 1727 0
-3722 -1937 0
-2019 1735 0
-1330 -1868 0
3839 1111 0
1453 3795 0
-1805 3209 0
3156 3173 0
-741 -2689 0
3050 -2166 0
255 -2324 0
-551 2195 0
-3472 3108 0
-2244 1220 0
-2600 -1296 0
924 -2064 0
1493 696 0
1502 3573 0
-2240 -2605 0
1176 3113 0
-2529 1597 0
2467 3745 0
2191 -1155 0
2475 -2457 0
1572 -545 0
-2626 999 0
59 -2500 0
-2170 -30 0
446 -2190 0
3503 47 0
-2537 -1593 0
3690 431 0
976 -2946 0
-1676 -3832 0
-790 -3427 0
1002 -941 0
915 -925 0
-3827 -3129 0
2216 -1258 0
-3215 -3544 0
-3955 1399 0
-2415 -1453 0
1246 3831 0
3037 -1602 0
2937 -1777 0
3518 -3990 0
2525 2930 0
-564 869 0
1112 871 0
-745 -1310 0
-497 867 0
1808 2965 0
996 3024 0
342 -979 0
-3987 1924 0
-1800 -647 0
-1582 420 0
-3893 -315 0
2095 -1092 0
-2622 -2160 0
2919 -98 0
-807 813 0
-80 3225 0
2094 3459 0
-667 2294 0
-3061 2585 0
-2222 -1661 0
-3500 2500 0
271 455 0
-3602 -3149 0
-656 -48 0
3218 -191 0
3521 94 0
3464 -2001 0
2663 763 0
-187 -3461 0
-3765 -3627 0
3138 -1670 0
2446 814 0
2926 -2626 0
2235 2261 0
711 3417 0
-3881 -2912 0
-2761 -3087 0
711 -2575 0
-3379 3467 0
3527 1973 0
-3953 556 0
-76 -3514 0
3293 -3327 0
-2298 -801 0
-2288 -1025 0
-1436 2324 0
1960 1336 0
-618 733 0
-1781 -1514 0
-183 -1734 0
1990 -193 0
2002 2520 0
2259 1954 0
1860 2118 0
-549 840 0
3856 3250 0
3101 401 0
-293 -387 0
-2488 2482 0
1419 3555 0
3559 2515 0
-2349 -3770 0
-1442 -880 0
2371 396 0
3703 591 0
-3413 -3777 0
-3339 1747 0
3129 -3485 0
2066 1868 0
-2509 3266 0
527 -3143 0
-1079 -3193 0
-2305 -2147 0
802 -2883 0
-3453 -3746 0
1216 1913 0
2650 2272 0
570 -962 0
1792 -836 0
-3428 -3150 0
2741 -3973 0
3096 2565 0
2387 1220 0
969 2057 0
-1977 3923 0
1542 -2200 0
-3181 -171 0
3702 -840 0
3996 79 0
489 -419 0
1110 3251 0
152 1530 0
917 2368 0
2534 -527 0
2346 1444 0
3273 -950 0
-3412 3485 0
-25 3338 0
1051 3779 0
849 -1601 0
-1400 844 0
106 -1822 0
-1243 -173 0
-2203 -2861 0
1062 -764 0
-849 1713 0
1566 192 0
-1681 -2724 0
1615 -889 0
3983 143 0
-1340 -2416 0
214 2817 0
1441 -444 0
608 1235 0
283 3723 0
-3015 -2599 0
-3046 3012 0
-1008 -3607 0
-1866 -2296 0
-739 2978 0
-1203 -3188 0
3131 570 0
-1948 1361 0
121 -2129 0
-3032 536 0
-2373 2085 0
-3180 -3274 0
-2173 1741 0
-1258 1103 0
3507 -169 0
-2701 -2682 0
79 -3244 0
603 -825 0
-1149 -3904 0
948 -1819 0
-2602 1018 0
3263 182 0
-644 1101 0
-1296 -1741 0
1443 -1550 0
2001 -3718 0
1070 -3022 0
-126 2676 0
-1859 2083 0
-958 3163 0
-1734 -57 0
201 3363 0
1006 -1378 0
2869 -2250 0
-3259 1882 0
-2900 2624 0
2732 -3481 0
-2058 -1774 0
-3540 -3191 0
-3553 -81 0
-2878 1334 0
2797 2248 0
-3415 1583 0
2567 1537 0
1192 -2398 0
-1005 2312 0
-1022 3852 0
-1237 3003 0
-3417 -1502 0
783 2860 0
924 842 0
-1065 643 0
3721 1292 0
1334 -1757 0
473 2827 0
3264 -3612 0
-2402 -385 0
509 -1546 0
-644 -3918 0
-2139 953 0
-2549 3260 0
-2362 1977 0
-1730 3655 0
2760 2155 0
-830 -767 0
2504 -3189 0
2457 -595 0
-1173 -2642 0
-1045 2901 0
-1359 -6 0
2383 -840 0
-2259 2353 0
981 1950 0
3335 -2559 0
-3447 -2454 0
591 2454 0
-3285 1202 0
-480 2760 0
-467 2452 0
-32 -359 0
1555 2397 0
-1224 -1344 0
3812 2428 0
1335 -659 0
1203 1174 0
-2379 296 0
488 712 0
-1850 3035 0
-296 3819 0
2961 -401 0
-1573 -2431 0
-253 2907 0
-2692 -1145 0
-1680 -1260 0
-2370 2912 0
-3899 1782 0
3415 -3938 0
-156 2983 0
-3264 -3819 0
-1946 -535 0
2301 3455 0
-3178 448 0
-2222 -3716 0
290 -538 0
-965 157 0
-667 537 0
1093 1610 0
-2171 -697 0
-985 -1773 0
-2369 -3949 0
-2084 -2803 0
2756 -1529 0
453 2656 0
470 -711 0
-477 2050 0
-660 -2059 0
2633 208 0
-2721 -2840 0
-544 1242 0
2392 3434 0
884 -3018 0
-3460 -665 0
3802 -3685 0
-2593 2626 0
-3884 3205 0
892 -2427 0
-2006 -311 0
-701 1178 0
-343 -3862 0
1191 1883 0
3098 -2533 0
176 970 0
3207 -1446 0
-748 1813 0
1763 3461 0
1154 462 0
-3448 954 0
1714 -3937 0
1601 1624 0
-477 -2798 0
-2031 -537 0
8 -3583 0
-2676 2233 0
-1517 1618 0
-2487 1155 0
563 -2434 0
2182 -197 0
-3062 87 0
3239 -2483 0
-3832 -541 0
-1058 -990 0
3505 265 0
2484 3598 0
2161 -830 0
-775 3735 0
-3569 3419 0
-218 82 0
-1010 -1514 0
2752 2349 0
903 3628 0
-3577 3556 0
1525 -832 0
846 3457 0
266 2197 0
1558 3408 0
-3560 -668 0
1340 960 0
-1939 133 0
-1869 -1507 0
1144 859 0
2000 1899 0
-2688 1583 0
-2667 -3225 0
-2965 3806 0
2356 2494 0
-1737 3347 0
2268 -806 0
-3829 3693 0
1356 -2338 0
1963 -718 0
-2755 2378 0
1157 1182 0
733 -474 0
1683 771 0
2430 -2157 0
-2809 -3954 0
252 1676 0
-1337 3808 0
3605 -2949 0
-2241 629 0
1816 -2184 0
651 -88 0
-837 -2573 0
-973 -2115 0
-3522 2591 0
-3801 -1597 0
-2019 -1994 0
-1760 -576 0
-217 499 0
3459 3815 0
11 3808 0
1555 -815 0
3824 -1793 0
2136 -3754 0
2078 -2122 0
3669 -320 0
545 843 0
-983 1584 0
-986 -417 0
757 -2723 0
-3772 2913 0
2928 2823 0
-2489 -539 0
-2548 3837 0
2646 1974 0
3507 932 0
3532 56 0
1567 -1228 0
2405 -1400 0
3747 -1957 0
1358 -430 0
-1133 306 0
1405 -3413 0
-3135 3800 0
2730 -1896 0
3736 3138 0
-2839 3277 0
1090 -3389 0
-2843 1458 0
-1807 -2340 0
-639 2163 0
-2091 -333 0
-3693 -816 0
2582 1987 0
3271 3329 0
-1058 -3021 0
-1272 3076 0
74 -1769 0
3478 -3353 0
-2835 249 0
-3996 3813 0
-3152 3479 0
3692 3650 0
946 -1501 0
-3910 -2728 0
-719 -1724 0
-568 -1192 0
910 -1507 0
2823 264 0
-3645 -3178 0
1296 680 0
2905 2708 0
-2665 1227 0
-1305 3607 0
-2496 -1168 0
3897 -3682 0
787 -416 0
744 1941 0
2424 587 0
3831 1106 0
507 -1347 0
3826 -2863 0
-2453 65 0
2812 -3397 0
3577 -2594 0
3662 -1901 0
2033 -2850 0
241 -1761 0
-1330 2044 0
-835 2450 0
-2474 -1619 0
2393 1073 0
119 2536 0
888 -1493 0
2796 -1263 0
2798 -3600 0
-3285 260 0
-1738 -3906 0
3934 -3993 0
3409 -3558 0
3079 -3667 0
-1393 3268 0
2940 1078 0
-1109 1304 0
-877 2711 0
1313 1673 0
-3201 3015 0
2622 -1819 0
3693 -651 0
1705 -97 0
1825 999 0
-3603 -1746 0
913 3759 0
2631 3549 0
1790 3913 0
1854 -3102 0
-3559 2395 0
2183 2242 0
-2668 3204 0
-2840 -2312 0
3052 339 0
308 -2389 0
-1510 3260 0
-1283 -1929 0
-3888 950 0
3032 1895 0
-2777 -1649 0
-1924 -1471 0
996 501 0
-2739 -629 0
-1874 3475 0
-3605 -1667 0
-78 -2600 0
-3379 3696 0
-1035 1873 0
3138 -2669 0
2323 -1103 0
-2358 -273 0
3525 -1142 0
1687 3793 0
-3505 59 0
-75 -750 0
3192 3277 0
-612 -803 0
3327 -1568 0
262 -2403 0
-2310 1080 0
-416 -2301 0
-2980 1671 0
2341 -3032 0
2978 -1090 0
-1554 -160 0
-1614 -3354 0
1480 -1111 0
3243 -1996 0
-3699 1521 0
-2569 1910 0
1177 884 0
3613 752 0
-2790 -2449 0
-860 2131 0
-3730 -337 0
1565 -884 0
-3641 -3005 0
-2968 -3873 0
-3807 1902 0
946 -1146 0
661 3301 0
3040 1343 0
2753 -2393 0
-3921 -2790 0
-3484 -3454 0
-364 -3524 0
375 -713 0
3008 3378 0
-2330 3767 0
-3508 2980 0
2929 -490 0
2189 -3766 0
3015 1336 0
3613 1621 0
-1730 -1929 0
1531 -204 0
3086 -3981 0
3340 73 0
1439 2578 0
2871 -747 0
1881 -2556 0
-1356 2399 0
2744 -1267 0
1113 -145 0
2705 2301 0
-448 745 0
2346 691 0
1981 -2900 0
-3435 3135 0
-3334 559 0
-2150 -491 0
-1621 3064 0
-393 2720 0
2215 -2602 0
1818 3990 0
3605 -2521 0
3397 -114 0
1464 -3429 0
-3506 -2205 0
-2205 3356 0
-2255 3000 0
305 -31 0
-691 2290 0
-3275 -3392 0
-2927 2138 0
-3725 3135 0
3582 -505 0
3904 -3057 0
1054 -902 0
2712 -1300 0
3122 1565 0
2535 23 0
935 45 0
-944 1044 0
890 3 0
-2531 -2826 0
-1900 1889 0
-3161 -2128 0
-3437 2611 0
2828 2765 0
-1392 -2234 0
2818 655 0
3906 3465 0
1192 65 0
-1378 3601 0
-3775 1877 0
-290 -3041 0
-2083 1354 0
3593 264 0
2926 956 0
3202 -496 0
1752 433 0
3027 -2608 0
1355 -496 0
1034 2338 0
-2169 -2246 0
-2544 -3943 0
-2956 -1507 0
1058 -2112 0
-2762 -1701 0
1275 -3652 0
-336 3918 0
78 3815 0
-2275 1520 0
-2751 2387 0
2346 1651 0
-1164 726 0
-2271 1529 0
-2000 -3064 0
3571 -819 0
-458 -2671 0
3770 -3557 0
-4 1877 0
-3477 321 0
-3194 706 0
1210 2920 0
222 2546 0
-3764 -743 0
-3394 196 0
-331 3985 0
780 -2234 0
3298 -2842 0
-848 1671 0
648 -3282 0
841 1213 0
1200 2945 0
3829 -196 0
-1266 1992 0
849 1922 0
1807 1782 0
-3558 -3306 0
-3607 -3126 0
1836 3226 0
938 3972 0
1411 562 0
2640 1432 0
-964 3548 0
-3023 3306 0
502 966 0
-670 -2962 0
-838 2845 0
-2786 -1435 0
-353 -849 0
-3491 -1894 0
223 1977 0
338 1070 0
-1335 -2065 0
1922 3230 0
-1016 -3535 0
-2116 -3566 0
-3218 2328 0
2064 -3737 0
2972 -2430 0
2295 -283 0
-2528 -3085 0
3692 2420 0
1090 -2731 0
-3260 -2070 0
-1390 2322 0
-2561 9 0
388 -1806 0
1092 -1696 0
2705 2812 0
-1588 428 0
3545 3625 0
-458 2012 0
-3787 -1410 0
-1807 -1284 0
520 3705 0
3579 -2088 0
2056 -643 0
131 3805 0
2022 2387 0
2 -3994 0
-967 -2387 0
-1261 1251 0
2157 756 0
-3268 1295 0
-2709 2684 0
-1994 1356 0
-3447 -1065 0
2244 257 0
-2879 445 0
2489 -3859 0
1413 3076 0
-1473 2638 0
655 505 0
2802 -2341 0
-1917 3560 0
-959 2518 0
-3133 -43 0
-3926 -2146 0
-956 2051 0
-8 -2990 0
1026 -684 0
-2205 -3123 0
2775 3581 0
-102 -3911 0
-2194 2976 0
-900 -625 0
2690 1652 0
-10 3640 0
1002 3262 0
1226 1418 0
-685 2472 0
415 -3713 0
2576 -3042 0
280 1241 0
-848 -3872 0
2248 -524 0
3770 -3893 0
-3959 -3982 0
800 -3315 0
-3962 1360 0
2388 -1367 0
-1069 3699 0
1777 691 0
-2655 -2431 0
194 1756 0
-2291 -3411 0
382 -533 0
196 -3992 0
1333 -1527 0
-3407 -2402 0
-3218 836 0
1170 -2210 0
-2748 2310 0
1607 -2149 0
-2061 -2885 0
-760 1401 0
-815 -2013 0
-630 2589 0
1583 495 0
-2423 49 0
3992 3223 0
-3652 -3350 0
924 2610 0
1406 -19 0
569 -2238 0
-2135 -3917 0
-1463 -2503 0
-874 2809 0
1031 -2855 0
-3111 -1131 0
288 2168 0
2960 1129 0
-3751 530 0
1738 3345 0
-814 -502 0
-3558 1259 0
-3208 2972 0
-2934 -160 0
-1813 369 0
3899 -911 0
-2077 -3797 0
1801 1609 0
-2842 788 0
-2378 -3879 0
-25 630 0
-964 1870 0
107 -2995 0
-3450 -647 0
1652 -180 0
-1735 -3942 0
2867 412 0
-1036 -3631 0
-3373 -1133 0
2420 -1766 0
2423 -1192 0
-2436 -3409 0
-1794 3745 0
708 3995 0
1444 1405 0
3082 1303 0
-3252 2460 0
-854 3329 0
-2592 -38 0
-762 -3382 0
1466 1455 0
1524 1654 0
-794 -1036 0
-927 -2413 0
-2102 3464 0
-1686 -1854 0
3579 -1892 0
3640 -1385 0
-2842 1105 0
-2098 3453 0
1532 2861 0
-2816 2978 0
-1372 412 0
2120 821 0
-3726 -3185 0
-3160 2103 0
1265 -1667 0
600 1952 0
-3399 -9 0
-3493 -3129 0
-926 544 0
2142 -1720 0
-1177 -2353 0
61 -3054 0
939 1016 0
2085 -3089 0
228 547 0
-3301 -3595 0
2854 -2055 0
3391 997 0
-965 -2330 0
803 2127 0
1420 975 0
510 318 0
2434 3240 0
1546 2791 0
3650 -35 0
-2510 -3295 0
1070 3084 0
-3603 -3348 0
-3351 1312 0
3610 1613 0
-2708 3710 0
-1863 3265 0
549 -2306 0
-281 2644 0
636 1888 0
-1416 3644 0
2 -787 0
-249 2142 0
-2674 421 0
2207 -590 0
871 -515 0
1363 931 0
-819 -1426 0
-2768 1451 0
8 1762 0
-3152 -2006 0
-1221 3844 0
-1418 -384 0
970 -1930 0
-2246 3833 0
-855 3923 0
-289 -1400 0
-1066 21 0
-161 225 0
1411 2021 0
-1869 -3813 0
-248 3400 0
-3734 -812 0
-3839 -1838 0
8 2158 0
-781 3629 0
-2439 1123 0
-700 -2934 0
-1118 897 0
-464 -2587 0
-749 991 0
-3205 -248 0
-1524 2774 0
-2898 -103 0
-2700 -3482 0
1496 -2447 0
-621 -46 0
-3921 -452 0
176 2591 0
-3636 2249 0
3048 -623 0
3878 734 0
1777 -1232 0
-569 3289 0
1404 885 0
601 -3903 0
-1926 -642 0
27 1213 0
-3392 -3226 0
3131 -2408 0
-1155 -1997 0
-1002 -393 0
2933 2032 0
2770 -3648 0
3923 1051 0
-1450 -808 0
-470 2516 0
153 -1208 0
-17 -8 0
483 2718 0
-2359 -29 0
-2487 -2268 0
-2946 -1034 0
2470 1135 0
2235 -2612 0
2599 -2941 0
3952 -1994 0
-3704 -635 0
48 -3236 0
1852 818 0
2160 -3563 0
3211 -3762 0
-2546 1942 0
-1188 646 0
2295 -3919 0
-846 963 0
3867 2545 0
3747 -630 0
-1058 1239 0
3645 -1273 0
190 -1597 0
3617 -1798 0
-2059 714 0
1415 -127 0
3401 3290 0
3237 -3405 0
3664 -3784 0
3437 2158 0
691 3007 0
-3614 815 0
-1384 -727 0
-3522 1255 0
2606 1404 0
-1169 -1135 0
1825 2711 0
1112 1497 0
-2870 -1844 0
2419 1042 0
-1569 -3060 0
2520 2531 0
1633 2287 0
201 -2006 0
-2640 -383 0
362 1356 0
-3552 3032 0
240 -1628 0
-3749 -3257 0
1365 -1696 0
1670 2356 0
102 3382 0
3192 1151 0
-1 -3501 0
3127 -2549 0
-3024 1729 0
2711 -2953 0
-3077 1651 0
2119 -408 0
-3128 254 0
-3735 1099 0
685 2273 0
-2871 -1294 0
-1233 -2524 0
-2737 -2874 0
-3181 2799 0
-769 -1741 0
2122 -3683 0
-2365 405 0
-616 -908 0
427 1837 0
-1598 3771 0
-183 -749 0
-2158 -3879 0
2034 -3594 0
-2811 -2206 0
-1652 -1651 0
893 2330 0
2794 -2806 0
-1521 -2655 0
312 854 0
204 -838 0
-1116 2093 0
3551 -529 0
3166 -3715 0
1872 -56 0
-3094 2049 0
1185 -3943 0
-2890 2171 0
-3128 901 0
1100 -3303 0
1203 737 0
1152 -3526 0
390 -3668 0
3607 1149 0
-462 1644 0
-1695 1509 0
2671 -1957 0
-64 -1314 0
-135 -3812 0
-291 -915 0
524 1917 0
-149 -829 0
3563 -3784 0
688 -653 0
-3948 2176 0
-2707 -2454 0
-3459 1507 0
3496 3616 0
-3681 -384 0
209 -1752 0
2567 1603 0
-2934 -1091 0
419 -247 0
808 3927 0
-1755 -3704 0
-3145 3478 0
-1847 -3246 0
862 -3091 0
-715 -2173 0
250 -3914 0
898 -3486 0
1113 -1200 0
2524 -3813 0
-385 -958 0
-2534 -1310 0
17 3670 0
-3455 2105 0
1196 1451 0
-2452 2346 0
2114 -2348 0
-642 3197 0
-2653 1290 0
1051 1426 0
-1451 2019 0
2874 590 0
3133 -578 0
-3587 19 0
-3102 772 0
1377 -149 0
-1435 -2157 0
-1563 -3709 0
-804 -2862 0
2398 2692 0
-3001 -1323 0
-2261 -3220 0
848 -2456 0
2559 1643 0
-3294 -3613 0
-2073 -626 0
3439 2550 0
-49 -3947 0
3246 -783 0
1587 1735 0
-1655 -3551 0
772 -651 0
-1454 500 0
2432 3564 0
-2626 2124 0
3359 -838 0
-2518 1931 0
-628 -2515 0
-3922 2812 0
2625 2986 0
-1786 3727 0
-1207 -1257 0
3556 -463 0
3177 1875 0
-1646 -2284 0
-3607 -3542 0
-2132 -1157 0
217 -2089 0
3687 -981 0
-525 -3580 0
3964 -1 0
3108 486 0
-2495 -989 0
-1312 318 0
-2672 -1617 0
3788 1932 0
3247 -3722 0
-405 2830 0
2107 -630 0
629 3613 0
2968 -732 0
-239 -994 0
-340 -1409 0
-1341 2818 0
-3752 -2871 0
-2914 -3425 0
-2971 -3059 0
-1588 3213 0
-2491 -2178 0
-1561 1766 0
-2655 -3367 0
3401 -64 0
-1032 3035 0
3685 -2351 0
-3766 1385 0
-1704 -3698 0
70 1994 0
3642 2715 0
1330 -516 0
-1919 -3374 0
-429 2429 0
-903 -3497 0
132 -1856 0
2411 2416 0
-3827 3040 0
1509 378 0
3520 -1715 0
2582 1178 0
1545 -2518 0
3718 3467 0
3981 3759 0
-568 -368 0
-1657 -2984 0
1615 -3305 0
3031 -2326 0
226 -790 0
-1949 2061 0
2651 789 0
3141 1078 0
1883 -2376 0
-1946 -3566 0
1218 3624 0
-1973 3056 0
-849 3447 0
3827 31 0
-3302 -2333 0
-3282 3293 0
3771 819 0
-1579 1386 0
993 2903 0
-1449 17 0
-941 -2782 0
-629 3989 0
3134 2030 0
3203 -525 0
987 -2255 0
-101 -65 0
-3903 585 0
3578 -3407 0
-3392 -1203 0
-3978 -981 0
-2436 2387 0
1581 -594 0
-191 -1456 0
2947 -2586 0
439 -1174 0
-3008 3657 0
-3830 -1307 0
-144 2680 0
-2691 -913 0
-3956 150 0
2824 870 0
1642 -2371 0
-3240 610 0
-3467 -1868 0
1992 2084 0
-3492 -845 0
2723 2461 0
-1149 -3921 0
2114 3298 0
-1537 -976 0
-2834 -2314 0
582 2082 0
-1316 -947 0
-2978 -1331 0
2526 3867 0
-349 3198 0
-895 -981 0
-1833 2002 0
507 2117 0
-3678 1104 0
2569 -317 0
-3879 -1166 0
-138 -2927 0
-3806 -125 0
2160 927 0
-3373 936 0
2407 -1189 0
-2162 165 0
-3548 -1535 0
299 -3362 0
-1808 2336 0
-2049 -2310 0
-440 540 0
-70 -2097 0
1507 58 0
-2246 -3444 0
-1505 -2664 0
-1102 -3302 0
3245 1072 0
463 2315 0
1957 -1041 0
1282 -361 0
1143 1837 0
547 -3264 0
-443 1762 0
-240 509 0
-2753 847 0
45 3505 0
-3751 1977 0
3439 -990 0
1565 -3311 0
3957 -3687 0
-3195 -275 0
1858 -2049 0
-852 2563 0
3453 2125 0
-2359 1165 0
-1120 462 0
-2735 127 0
-941 3061 0
3524 -1456 0
3379 -2668 0
-1794 1931 0
-2969 -2515 0
-196 -1718 0
2708 -1250 0
1477 -829 0
48 3842 0
-2913 -1611 0
-594 -1929 0
1011 1821 0
-185 181 0
1603 799 0
3065 -1254 0
188 -1086 0
-643 3813 0
-3618 3673 0
3786 -2608 0
-983 1394 0
-3776 1652 0
1715 1169 0
-1671 2166 0
1410 -2602 0
-1296 -3994 0
-1443 2163 0
-114 3186 0
1664 -1583 0
-2134 2029 0
-2683 -2232 0
180 1985 0
336 -3325 0
453 2967 0
-88 -1243 0
-2890 -3741 0
727 2148 0
-2772 -2429 0
-3635 -3020 0
3289 2007 0
3784 450 0
-402 -2675 0
3298 -1588 0
-185 -2462 0
1750 -2302 0
-225 3804 0
-3770 1770 0
3768 -2920 0
3046 -1768 0
3386 1975 0
3096 -303 0
-3174 1241 0
-1352 -1455 0
-76 1688 0
1908 -2100 0
-2528 1867 0
3157 -3712 0
3219 3221 0
-307 2561 0
2412 3389 0
487 1833 0
-3985 -2438 0
-2920 -2396 0
-2112 -1581 0
927 864 0
-876 2311 0
2658 2995 0
-3162 -366 0
-811 -3221 0
1091 2759 0
-2197 -89 0
-1325 -3337 0
-1116 1577 0
122 3174 0
481 1469 0
-283 -3003 0
-2823 -333 0
-2517 3685 0
1876 2124 0
-2684 3623 0
2711 -3640 0
538 864 0
1829 -3760 0
2965 759 0
1329 2763 0
2994 245 0
-2394 1788 0
-2945 1299 0
-3602 2177 0
-1853 37 0
3190 3689 0
2926 1220 0
-2891 -248 0
612 284 0
1822 877 0
1987 -2087 0
-436 377 0
-2753 2995 0
1834 -3314 0
2920 -290 0
-60 3635 0
-1941 963 0
1022 -2423 0
3291 -2623 0
927 163 0
56 3382 0
-149 -3425 0
825 -2955 0
2360 -2879 0
2090 -3232 0
-3254 -2884 0
537 2753 0
-553 -3859 0
-3447 -1826 0
-1697 -226 0
3771 70 0
3137 1351 0
-3856 402 0
2892 3557 0
-942 -1404 0
-2469 -1679 0
3286 3769 0
-2655 1762 0
1236 646 0
186 -737 0
468 -1358 0
3998 1093 0
1200 -2438 0
-410 -3493 0
1810 251 0
1824 -2120 0
2665 -2542 0
-2633 342 0
2775 2711 0
3471 1473 0
-1693 -2456 0
-3289 -2264 0
1676 3090 0
1993 29 0
-3866 3407 0
2327 -926 0
-2848 3835 0
-1247 -3973 0
2216 -2940 0
-3845 -1838 0
-2319 -1846 0
-146 2610 0
-1739 -442 0
-2123 355 0
-350 -935 0
998 1075 0
-3730 -720 0
-3729 127 0
-3916 247 0
-431 923 0
1433 2673 0
-3176 1844 0
2279 -2226 0
-3983 -1161 0
3582 1959 0
-1700 -917 0
2846 -44 0
3654 -3528 0
3341 1576 0
916 -2409 0
-2408 -3175 0
-923 -2086 0
-3336 -1609 0
-910 352 0
3521 -276 0
824 3316 0
1371 -3420 0
2676 -2589 0
-3902 -3568 0
-2782 3382 0
3707 -3750 0
1573 3529 0
-720 1563 0
523 -1093 0
2516 -2438 0
1338 -1661 0
2784 818 0
1640 571 0
408 1742 0
3790 -266 0
-2880 -1636 0
1323 457 0
-1789 854 0
1653 613 0
3451 1840 0
-3889 -1383 0
-3366 -3041 0
-1379 -1227 0
-2211 -3073 0
3525 -1974 0
-1821 3337 0
-3484 -3244 0
2599 -501 0
-2725 1462 0
852 -2383 0
-131 -2985 0
1224 -661 0
-3978 2595 0
-2021 -2525 0
3488 -1947 0
3786 70 0
-2116 -703 0
-879 2864 0
-1371 2872 0
-2700 117 0
-2070 -1269 0
-2388 2706 0
2906 3750 0
48 -3691 0
1301 696 0
-3102 -2411 0
2471 3656 0
1984 1091 0
1930 1373 0
3760 3304 0
335 -3619 0
-184 3577 0
358 1120 0
-167 -3641 0
-3771 1880 0
2685 803 0
3419 -1742 0
-166 549 0
-1450 3239 0
346 -570 0
973 1517 0
-3433 1279 0
190 -3293 0
3815 -3065 0
2358 -867 0
2593 912 0
1334 3624 0
3376 -2399 0
3166 1299 0
-3609 2125 0
1581 3331 0
2331 -1157 0
1657 -1081 0
-691 -839 0
1367 3544 0
1893 -1788 0
290 -1250 0
-2851 -1115 0
63 -3939 0
607 3623 0
1983 3172 0
-1469 -3005 0
35 -491 0
2135 -1563 0
3776 -205 0
-613 874 0
-3134 -273 0
163 -823 0
-3487 2245 0
-3930 1665 0
-690 2586 0
1257 3421 0
-951 -669 0
-21 2967 0
2965 2693 0
-787 2800 0
-1783 -2876 0
721 1178 0
2341 -2598 0
3947 -3374 0
-1586 962 0
2215 1135 0
1205 -1476 0
789 -1148 0
3034 2773 0
-2262 2698 0
2168 -306 0
335 3279 0
20 -2306 0
-1120 2850 0
-773 1007 0
2332 -897 0
3419 -3827 0
3092 -242 0
-2701 2246 0
-3256 -3462 0
1144 -3937 0
-624 -1814 0
1869 -2982 0
2288 -2562 0
364 1591 0
3451 2356 0
-498 3672 0
2827 -2993 0
2355 -3390 0
-2288 -2827 0
3270 -1580 0
-2122 268 0
1128 3538 0
-2765 3859 0
-3172 -3606 0
-1888 3405 0
-2999 2680 0
3106 -2436 0
-1521 3593 0
-578 888 0
3318 -737 0
-3383 -1376 0
111 -3982 0
3817 -1781 0
613 -1803 0
-1877 720 0
3465 -1524 0
-70 -55 0
3083 3422 0
2634 1179 0
2905 2554 0
-380 -130 0
2607 -461 0
-3430 1202 0
-2803 398 0
3964 1443 0
2306 2300 0
-3111 3594 0
1448 1747 0
2139 1526 0
3652 -2468 0
-71 -3600 0
1278 431 0
-2011 1890 0
937 -2574 0
2453 -1927 0
-1847 -1583 0
2554 567 0
-2042 2304 0
1351 -1688 0
3081 639 0
-2722 -396 0
44 3652 0
1183 1007 0
-2412 -3164 0
-2041 3481 0
-1776 -3671 0
-656 -2147 0
530 -1782 0
3322 -3201 0
-2197 -3418 0
-3650 -3450 0
2819 -893 0
1361 976 0
2119 1715 0
-1428 3281 0
-3680 2875 0
2683 -2099 0
1231 -3722 0
-2928 2281 0
-958 -3799 0
3407 475 0
-3980 787 0
-1347 614 0
95 1065 0
-3763 2688 0
-3999 731 0
-1698 -1028 0
3410 -3184 0
-678 -2040 0
-3034 -2493 0
-324 -3855 0
1942 2962 0
1397 1589 0
2412 -1137 0
-938 -1919 0
-3671 1351 0
3084 419 0
3216 2844 0
-1472 -2428 0
1141 1444 0
-2271 -29 0
976 -1589 0
-3288 1418 0
419 2749 0
3156 2736 0
-2891 376 0
2339 -2487 0
-3340 -2839 0
1881 3547 0
-3585 3903 0
-2524 -186 0
-2728 2499 0
-2291 3644 0
-2057 391 0
-1513 2949 0
-1022 -1548 0
1326 1545 0
-758 389 0
3276 -1281 0
-2519 -2458 0
-1260 -378 0
-1912 -3787 0
1910 756 0
-2418 -2738 0
-2596 -1185 0
-2141 -3894 0
-934 1908 0
-1182 -1297 0
-1847 3499 0
1944 -2947 0
-1208 1662 0
797 1051 0
3674 -2603 0
1264 -1121 0
-543 -2257 0
2810 -3209 0
334 3724 0
-3159 -392 0
1470 -2038 0
2434 -192 0
-3235 560 0
1515 -3992 0
-504 -1852 0
51 -2916 0
-2574 3102 0
-3704 -1944 0
580 271 0
3247 -3712 0
-844 906 0
2702 -226 0
2528 -3786 0
-2858 3756 0
3686 -594 0
-3148 -1189 0
-852 -3234 0
-3863 833 0
-1940 2173 0
-3430 -1631 0
461 -3811 0
-2651 3198 0
-3843 -2471 0
1341 -1213 0
3705 -3452 0
3067 -569 0
1011 526 0
3772 3481 0
-210 -3477 0
953 -511 0
-108 2180 0
3297 -1413 0
262 3363 0
-502 -1412 0
-3892 3325 0
3349 -1817 0
-1947 -370 0
3249 357 0
1030 51 0
-2730 3061 0
-3894 -2554 0
2399 -3597 0
-1370 -541 0
-433 -795 0
-2304 -504 0
2861 2677 0
2331 -2517 0
-64 -248 0
-717 -2842 0
-1946 -2425 0
-1487 -3555 0
-749 -1606 0
-3681 -979 0
-3192 126 0
-1193 -1874 0
-2797 -2478 0
-695 -1322 0
1030 3754 0
-314 3446 0
-37 393 0
2713 -1003 0
3438 1019 0
-1449 -2494 0
-693 -3853 0
1152 -153 0
-3623 3136 0
-1412 -3856 0
-2530 -586 0
3339 1273 0
-1225 -3035 0
-1526 62 0
2825 -3662 0
-515 3329 0
-2230 1066 0
-2062 -2733 0
-2030 3129 0
3523 -32 0
-446 -994 0
-886 129 0
-729 -1615 0
-657 -3533 0
1697 -2808 0
2284 523 0
-3327 -832 0
-831 593 0
-1373 3631 0
144 -3966 0
2855 -3181 0
-660 -2501 0
-711 -2065 0
-2540 2536 0
1862 2231 0
1416 1326 0
-3496 892 0
1153 -2731 0
1209 1752 0
2262 -3862 0
1682 2182 0
-1442 -1964 0
-2355 300 0
-2846 -820 0
-1353 -2086 0
801 1026 0
-1389 -1946 0
1717 -3612 0
-2313 -1174 0
-3318 -1572 0
95 1855 0
879 1963 0
3102 2833 0
1198 210 0
1796 532 0
2716 -3091 0
1791 1366 0
1175 3309 0
296 3219 0
-2872 2120 0
2694 -2373 0
-2640 -2664 0
3406 -775 0
1788 3520 0
-1412 1303 0
-1329 824 0
3702 2117 0
-773 1018 0
3350 87 0
-2876 -1861 0
-832 -2219 0
3290 3604 0
1324 2980 0
-833 123 0
-1800 3339 0
2299 -2400 0
2225 -1746 0
-3963 -3030 0
1619 84 0
3072 -3022 0
-3826 -2112 0
-884 -1463 0
-2396 -1853 0
-361 2283 0
2826 2499 0
3139 3111 0
1956 -3057 0
2359 -2372 0
331 -1261 0
3493 371 0
-1740 -2497 0
-3120 140 0
3457 2550 0